#nages
8
#nyrs
30
#npops_EM
2
#nregions_EM
 1 1
#nfleets_EM
 1 1
#nfleets_survey_EM
 1 1
#npops_OM
2
#nregions_OM
 1 1
#nfleets_OM
 1 1
#nfleets_survey_OM
 1 1
#tsurvey_EM
 0.5
 0.5
#diagnostics_switch
0
#move_switch
2
#report_rate_switch
0
#natal_homing_switch
0
#spawn_return_switch
0
#select_switch
1
#select_switch_survey
1
#maturity_switch_equil
0
#SSB_type
2
#Rec_type
2
#apportionment_type
-2
#use_stock_comp_info_survey
0
#use_stock_comp_info_catch
0
#F_switch
1
#M_switch
0
#recruit_devs_switch
1
#recruit_randwalk_switch
0
#init_abund_switch
1
#est_dist_init_abund
1
#tspawn_EM
 0 0
#return_age
7
#return_probability
 1 1
#spawn_return_prob
 1 1
#do_tag
1
#fit_tag_age_switch
0
#do_tag_mult
1
#est_tag_mixing_switch
0
#sigma_recruit_EM
 0.55 0.5
#ph_lmr
1
#Rave_start
8.5
#lb_R_ave
2
#ub_R_ave
20
#ph_rec
2
#lb_rec_devs
-10
#ub_rec_devs
10
#Rdevs_start
0
#ph_rec_app_CNST
-4
#ph_rec_app_YR
-4
#lb_rec_app
-5
#ub_rec_app
5
#Rapp_start
0
#ph_init_abund
1
#ph_init_abund_no_ag1
-1
#N_start
8
#init_dist_start
0
#ph_reg_init
-2
#ph_reg_age_init
-2
#ph_non_natal_init
-1
#ph_non_natal_age_init
-1
#lb_init_dist
-9
#ub_init_dist
10
#lb_init_abund
-9
#ub_init_abund
10
#ph_F
3
#lb_F
-5
#ub_F
5
#F_start
-2
#ph_steep
-1
#lb_steep
0.2
#ub_steep
1
#steep_start
0.7
#ph_M_CNST
-1
#ph_M_pop_CNST
-1
#ph_M_age_CNST
-1
#ph_M_pop_age
-1
#lb_M
-5
#ub_M
5
#M_start
-2
#ph_sel_log
4
#lb_sel_beta1
-5
#ub_sel_beta1
5
#sel_beta1_start
0
#lb_sel_beta2
-5
#ub_sel_beta2
5
#sel_beta2_start
0
#lb_sel_beta3
-5
#ub_sel_beta3
5
#sel_beta3_start
0
#lb_sel_beta4
-5
#ub_sel_beta4
5
#sel_beta4_start
2
#lb_sel_beta1_surv
-5
#ub_sel_beta1_surv
5
#sel_beta1_surv_start
0
#lb_sel_beta2_surv
-5
#ub_sel_beta2_surv
5
#sel_beta2_surv_start
0
#lb_sel_beta3_surv
-5
#ub_sel_beta3_surv
5
#sel_beta3_surv_start
0
#lb_sel_beta4_surv
-5
#ub_sel_beta4_surv
5
#sel_beta4_surv_start
2
#ph_sel_log_surv
4
#ph_sel_dubl
-5
#ph_sel_dubl_surv
-5
#ph_q
1
#lb_q
-10
#ub_q
5
#q_start
-2
#ph_F_rho
-1
#lb_F_rho
0
#ub_F_rho
1
#Frho_start
-2
#phase_T_YR
-5
#phase_T_YR_ALT_FREQ
-5
#T_est_freq
1
#phase_T_YR_AGE_ALT_FREQ
5
#T_est_age_freq
2
#juv_age
2
#phase_T_CNST
-5
#phase_T_CNST_AGE
-6
#phase_T_YR_AGE
-6
#phase_T_CNST_AGE_no_AG1
-6
#phase_T_YR_AGE_no_AG1
-6
#phase_T_YR_AGE_ALT_FREQ_no_AG1
-5
#lb_T
-10
#ub_T
10
#T_start
-1.25
#phase_rep_rate_YR
-6
#phase_rep_rate_CNST
-6
#lb_B
-6
#ub_B
6
#B_start
0
#ph_T_tag
-7
#ph_F_tag
-3
#lb_scalar_T
-10
#ub_scalar_T
10
#lb_scalar_F
-10
#ub_scalar_F
10
#scalar_T_start
0
#scalar_F_start
0
#ph_dummy
-1
#wt_surv
1
#wt_catch
1
#wt_fish_age
1
#wt_srv_age
1
#wt_rec
1
#wt_tag
1
#wt_F_pen
1
#wt_M_pen
0
#wt_B_pen
0
#report_rate_sigma
0.1
#report_rate_ave
0.5
#abund_pen_switch
0
#wt_abund_pen
0.1
#Mean_N
8
#abund_dist_pen_switch
0
#wt_abund_dist_pen
0.1
#Mean_N_dist
0
#move_pen_switch
1
#wt_move_pen
1
#Tpen
-1.25
#sigma_Tpen_EM
0.5
#Rave_pen_switch
1
#wt_Rave_pen
10
#Rave_mean
8.5
#R_app_pen_switch
0
#wt_R_app_pen
0.1
#R_app_pen
0
#input_weight
 0.4 0.75 1.5 3 5 7 7.5 7.7
 0.5 0.65 2 4 5.5 7.2 7.9 8.3
#input_catch_weight
 0.4 0.75 1.5 3 5 7 7.5 7.7
 0.5 0.65 2 4 5.5 7.2 7.9 8.3
#fecundity
 1 1 1 1 1 1 1 1
 1 1 1 1 1 1 1 1
#maturity
 0 0.1 0.3 0.5 0.95 1 1 1
 0 0.05 0.25 0.4 0.9 1 1 1
#prop_fem
 0.5
 0.5
#OBS_rec_index_BM
 10726.4 2465.75 7204.39 19446.4 14710.8 9432.8 4052.45 4010.82 4638.27 8517.74 690.594 1799.63 3415.09 2359.69 716.434 2586.79 703.324 1376.9 1000.7 1324.01 934.302 379.601 4103.02 2202.55 659.663 2579.94 3929.06 790.168 3420.73 13635.2
 2852.65 1919.95 10592.3 6975.72 5705.35 1484.21 2602.33 2900.88 3923.32 1596.51 1394.83 1318.55 4335.82 2377.18 3017.59 1333.8 506.501 1337.39 2705.78 3486.56 1372.17 1086.77 2334.79 1294.32 1070.21 3816.94 3955.27 2438.79 1489.81 1657.77
#OBS_survey_fleet_bio
 63.2682
 62.8491
 57.2668
 63.1851
 44.3436
 63.0279
 45.7898
 39.5496
 34.3201
 19.6768
 26.4793
 20.4435
 19.0015
 11.7613
 12.7527
 10.4525
 7.69772
 14.3134
 7.7446
 10.466
 12.0105
 9.27091
 10.0775
 10.2875
 12.4851
 26.4984
 13.7561
 21.46
 17.4055
 24.2559
 30.5897
 27.4086
 46.557
 45.3902
 29.4149
 30.5682
 24.2923
 21.2008
 17.9792
 16.2159
 18.6582
 15.5396
 8.55211
 6.25416
 6.54952
 7.93327
 5.75516
 4.87203
 4.72462
 5.93653
 4.35409
 5.03925
 7.95374
 6.34808
 7.10101
 6.99351
 8.55043
 15.14
 10.7734
 8.23244
#OBS_survey_fleet_bio_se_EM
 0.2
 0.2
 0.2
 0.2
 0.2
 0.2
 0.2
 0.2
 0.2
 0.2
 0.2
 0.2
 0.2
 0.2
 0.2
 0.2
 0.2
 0.2
 0.2
 0.2
 0.2
 0.2
 0.2
 0.2
 0.2
 0.2
 0.2
 0.2
 0.2
 0.2
 0.2
 0.2
 0.2
 0.2
 0.2
 0.2
 0.2
 0.2
 0.2
 0.2
 0.2
 0.2
 0.2
 0.2
 0.2
 0.2
 0.2
 0.2
 0.2
 0.2
 0.2
 0.2
 0.2
 0.2
 0.2
 0.2
 0.2
 0.2
 0.2
 0.2

#OBS_survey_prop
 0.0133333 0.126667 0.306667 0.153333 0.1 0.126667 0.0733333 0.1
 0.00666667 0.1 0.253333 0.226667 0.153333 0.0933333 0.0666667 0.1
 0.02 0.0666667 0.28 0.213333 0.186667 0.0866667 0.02 0.126667
 0.0133333 0.193333 0.146667 0.24 0.146667 0.06 0.0933333 0.106667
 0.0333333 0.226667 0.246667 0.14 0.14 0.06 0.0266667 0.126667
 0.0266667 0.26 0.226667 0.213333 0.0666667 0.0333333 0.0533333 0.12
 0.00666667 0.126667 0.36 0.206667 0.113333 0.04 0.0666667 0.08
 0.02 0.22 0.166667 0.273333 0.186667 0.0666667 0.02 0.0466667
 0.0133333 0.133333 0.34 0.206667 0.153333 0.0666667 0.0333333 0.0533333
 0.0333333 0.146667 0.373333 0.22 0.12 0.0533333 0.02 0.0333333
 0 0.226667 0.26 0.28 0.166667 0.0133333 0.04 0.0133333
 0.0266667 0.0333333 0.406667 0.26 0.153333 0.04 0.0266667 0.0533333
 0.02 0.146667 0.133333 0.36 0.173333 0.0933333 0.04 0.0333333
 0.0466667 0.2 0.253333 0.16 0.186667 0.0666667 0.06 0.0266667
 0.02 0.226667 0.426667 0.14 0.06 0.08 0.02 0.0266667
 0.02 0.08 0.506667 0.286667 0.04 0.0133333 0.04 0.0133333
 0.0133333 0.153333 0.32 0.326667 0.12 0.0266667 0.02 0.02
 0.00666667 0.113333 0.466667 0.173333 0.133333 0.0733333 0.02 0.0133333
 0.0133333 0.0933333 0.206667 0.446667 0.0933333 0.0666667 0.06 0.02
 0.0266667 0.186667 0.3 0.22 0.146667 0.0533333 0.0466667 0.02
 0.0333333 0.166667 0.36 0.213333 0.1 0.0666667 0.0133333 0.0466667
 0 0.166667 0.413333 0.26 0.0933333 0.0333333 0.02 0.0133333
 0.0933333 0.08 0.346667 0.3 0.113333 0.0466667 0.00666667 0.0133333
 0.02 0.406667 0.186667 0.18 0.14 0.0266667 0.0266667 0.0133333
 0.0266667 0.14 0.473333 0.0933333 0.14 0.0533333 0.02 0.0533333
 0.0333333 0.1 0.22 0.4 0.1 0.0666667 0.04 0.04
 0.00666667 0.193333 0.246667 0.18 0.26 0.0466667 0.04 0.0266667
 0 0.106667 0.433333 0.22 0.0733333 0.12 0 0.0466667
 0.02 0.06 0.32 0.333333 0.126667 0.0533333 0.06 0.0266667
 0.0666667 0.153333 0.22 0.2 0.24 0.04 0.02 0.06
 0.0133333 0.113333 0.18 0.3 0.146667 0.133333 0.0666667 0.0466667
 0.00666667 0.0666667 0.173333 0.273333 0.186667 0.153333 0.0333333 0.106667
 0.02 0.0733333 0.146667 0.173333 0.253333 0.0933333 0.113333 0.126667
 0.04 0.14 0.14 0.16 0.146667 0.16 0.08 0.133333
 0.0133333 0.126667 0.286667 0.16 0.146667 0.1 0.08 0.0866667
 0.02 0.126667 0.313333 0.24 0.0933333 0.0866667 0.0533333 0.0666667
 0.0533333 0.04 0.286667 0.333333 0.186667 0.04 0.04 0.02
 0.0266667 0.12 0.173333 0.28 0.18 0.106667 0.04 0.0733333
 0.02 0.106667 0.306667 0.113333 0.253333 0.1 0.0466667 0.0533333
 0.0333333 0.1 0.3 0.306667 0.0933333 0.0666667 0.04 0.06
 0.0333333 0.16 0.366667 0.146667 0.16 0.04 0.0333333 0.06
 0.04 0.0533333 0.38 0.193333 0.186667 0.0666667 0.0266667 0.0533333
 0.0733333 0.113333 0.153333 0.32 0.153333 0.0933333 0.0466667 0.0466667
 0.0533333 0.26 0.306667 0.08 0.153333 0.0733333 0.0533333 0.02
 0.0266667 0.22 0.426667 0.14 0.0333333 0.0933333 0.0333333 0.0266667
 0.06 0.24 0.286667 0.253333 0.113333 0.00666667 0.0333333 0.00666667
 0.0133333 0.253333 0.226667 0.253333 0.2 0.0133333 0.0133333 0.0266667
 0.0266667 0.133333 0.48 0.193333 0.12 0.0466667 0 0
 0.04 0.166667 0.2 0.353333 0.153333 0.08 0.00666667 0
 0.153333 0.186667 0.2 0.16 0.193333 0.04 0.04 0.0266667
 0.0466667 0.38 0.233333 0.18 0.0466667 0.1 0.00666667 0.00666667
 0.0533333 0.1 0.54 0.2 0.06 0.0133333 0.0333333 0
 0.0333333 0.153333 0.173333 0.426667 0.16 0.0333333 0.00666667 0.0133333
 0.02 0.14 0.213333 0.2 0.286667 0.0933333 0.00666667 0.04
 0.04 0.0666667 0.433333 0.166667 0.12 0.126667 0.0333333 0.0133333
 0.0933333 0.226667 0.126667 0.28 0.113333 0.0933333 0.0333333 0.0333333
 0.06 0.286667 0.233333 0.173333 0.14 0.04 0.0266667 0.04
 0.02 0.206667 0.28 0.146667 0.14 0.106667 0.02 0.08
 0.0333333 0.12 0.273333 0.26 0.0866667 0.12 0.0666667 0.04
 0.0466667 0.113333 0.206667 0.253333 0.26 0.08 0.00666667 0.0333333
#OBS_survey_prop_N_EM
 150
 150
 150
 150
 150
 150
 150
 150
 150
 150
 150
 150
 150
 150
 150
 150
 150
 150
 150
 150
 150
 150
 150
 150
 150
 150
 150
 150
 150
 150
 150
 150
 150
 150
 150
 150
 150
 150
 150
 150
 150
 150
 150
 150
 150
 150
 150
 150
 150
 150
 150
 150
 150
 150
 150
 150
 150
 150
 150
 150

#OBS_yield_fleet
 8234.95
 10487.7
 11056.6
 13610.2
 11052.2
 8903.08
 14131.3
 8990.2
 9577.78
 9212.82
 7875.47
 6384.13
 7226.38
 5076.52
 4411.57
 4392.2
 3864
 3989.15
 3318.77
 2605.71
 2641.25
 2274.64
 1939.61
 2486.98
 2480.29
 1922.5
 1942.08
 3852.33
 3090.03
 1320.85
 10305.9
 11596.6
 11895.6
 12132.4
 9628.9
 12483.8
 12617
 12437.3
 11392.5
 8322.32
 9421.29
 7037.3
 7685.19
 4936.86
 5090.38
 5195.54
 4649.96
 3544.06
 4002.03
 2824.76
 3213.2
 2764.7
 4252.3
 3086.11
 4434.02
 2907.08
 1007.17
 3151.24
 4825.15
 1574.25
#OBS_yield_fleet_se_EM
 0.05
 0.05
 0.05
 0.05
 0.05
 0.05
 0.05
 0.05
 0.05
 0.05
 0.05
 0.05
 0.05
 0.05
 0.05
 0.05
 0.05
 0.05
 0.05
 0.05
 0.05
 0.05
 0.05
 0.05
 0.05
 0.05
 0.05
 0.05
 0.05
 0.05
 0.05
 0.05
 0.05
 0.05
 0.05
 0.05
 0.05
 0.05
 0.05
 0.05
 0.05
 0.05
 0.05
 0.05
 0.05
 0.05
 0.05
 0.05
 0.05
 0.05
 0.05
 0.05
 0.05
 0.05
 0.05
 0.05
 0.05
 0.05
 0.05
 0.05

#OBS_catch_prop
 0.0133333 0.06 0.0933333 0.26 0.12 0.246667 0.126667 0.08
 0.0266667 0.06 0.126667 0.246667 0.18 0.1 0.113333 0.146667
 0.02 0.00666667 0.146667 0.193333 0.24 0.16 0.0666667 0.166667
 0.0266667 0.0666667 0.0733333 0.226667 0.193333 0.126667 0.106667 0.18
 0.04 0.146667 0.0866667 0.133333 0.173333 0.106667 0.0733333 0.24
 0.0333333 0.133333 0.16 0.193333 0.08 0.12 0.0666667 0.213333
 0.02 0.06 0.18 0.28 0.166667 0.08 0.0733333 0.14
 0.0533333 0.0466667 0.08 0.28 0.26 0.14 0.02 0.12
 0.0133333 0.0866667 0.186667 0.16 0.226667 0.193333 0.0733333 0.06
 0.04 0.0466667 0.206667 0.3 0.113333 0.16 0.0866667 0.0466667
 0.00666667 0.12 0.126667 0.353333 0.18 0.08 0.0733333 0.06
 0.0266667 0.02 0.18 0.28 0.26 0.106667 0.0466667 0.08
 0.02 0.06 0.0733333 0.36 0.213333 0.146667 0.06 0.0666667
 0.02 0.16 0.12 0.186667 0.286667 0.106667 0.0533333 0.0666667
 0.0266667 0.106667 0.333333 0.2 0.06 0.166667 0.06 0.0466667
 0.02 0.04 0.306667 0.333333 0.1 0.0466667 0.0866667 0.0666667
 0.04 0.126667 0.166667 0.366667 0.226667 0.0466667 0.00666667 0.02
 0.02 0.0333333 0.293333 0.326667 0.173333 0.12 0.0333333 0
 0.0333333 0.0533333 0.0933333 0.5 0.14 0.113333 0.0466667 0.02
 0.0266667 0.12 0.193333 0.22 0.233333 0.0866667 0.08 0.04
 0.02 0.106667 0.22 0.273333 0.153333 0.133333 0.0533333 0.04
 0.0266667 0.0933333 0.253333 0.28 0.186667 0.06 0.0666667 0.0333333
 0.0733333 0.04 0.246667 0.32 0.18 0.0866667 0.0266667 0.0266667
 0.0333333 0.153333 0.126667 0.266667 0.24 0.12 0.0133333 0.0466667
 0.02 0.0866667 0.326667 0.14 0.213333 0.166667 0.0266667 0.02
 0.0666667 0.06 0.0933333 0.486667 0.06 0.0933333 0.0933333 0.0466667
 0.0133333 0.133333 0.16 0.2 0.366667 0.0333333 0.0666667 0.0266667
 0.02 0.06 0.266667 0.226667 0.0933333 0.193333 0.0333333 0.106667
 0 0.0466667 0.213333 0.346667 0.186667 0.0466667 0.1 0.06
 0.06 0.0666667 0.0866667 0.206667 0.306667 0.113333 0.04 0.12
 0 0.0133333 0.16 0.326667 0.18 0.14 0.1 0.08
 0 0 0.146667 0.28 0.273333 0.106667 0.0866667 0.106667
 0.00666667 0.0266667 0.08 0.226667 0.253333 0.18 0.106667 0.12
 0.00666667 0.0266667 0.12 0.226667 0.133333 0.193333 0.126667 0.166667
 0.00666667 0.04 0.206667 0.0933333 0.186667 0.16 0.166667 0.14
 0 0.0266667 0.34 0.266667 0.113333 0.106667 0.06 0.0866667
 0 0.00666667 0.173333 0.466667 0.18 0.0466667 0.0533333 0.0733333
 0.0133333 0.0733333 0.106667 0.326667 0.173333 0.18 0.04 0.0866667
 0 0.0333333 0.226667 0.193333 0.306667 0.146667 0.0333333 0.06
 0.00666667 0.04 0.14 0.373333 0.12 0.166667 0.06 0.0933333
 0.00666667 0.0333333 0.24 0.306667 0.26 0.06 0.04 0.0533333
 0 0.00666667 0.273333 0.34 0.213333 0.0666667 0.0666667 0.0333333
 0.0133333 0.04 0.126667 0.406667 0.193333 0.12 0.0333333 0.0666667
 0 0.0533333 0.226667 0.18 0.286667 0.14 0.0933333 0.02
 0.00666667 0.0533333 0.36 0.306667 0.0666667 0.113333 0.0466667 0.0466667
 0.02 0.06 0.233333 0.42 0.186667 0.0333333 0.0333333 0.0133333
 0 0.04 0.213333 0.4 0.24 0.0866667 0.0133333 0.00666667
 0 0.0666667 0.36 0.273333 0.193333 0.0866667 0.0133333 0.00666667
 0.00666667 0.0333333 0.26 0.38 0.173333 0.106667 0.0266667 0.0133333
 0 0.0666667 0.213333 0.266667 0.32 0.0733333 0.0333333 0.0266667
 0.00666667 0.146667 0.32 0.253333 0.133333 0.113333 0.02 0.00666667
 0.00666667 0.02 0.533333 0.226667 0.106667 0.06 0.02 0.0266667
 0.00666667 0.08 0.16 0.54 0.133333 0.0466667 0.00666667 0.0266667
 0 0.0733333 0.146667 0.293333 0.38 0.08 0.00666667 0.02
 0 0.04 0.346667 0.22 0.113333 0.246667 0.0133333 0.02
 0.0133333 0.0266667 0.213333 0.386667 0.153333 0.0933333 0.0866667 0.0266667
 0 0.0933333 0.213333 0.22 0.326667 0.08 0.04 0.0266667
 0 0.0466667 0.24 0.213333 0.26 0.166667 0.0266667 0.0466667
 0.00666667 0.04 0.253333 0.293333 0.226667 0.08 0.0733333 0.0266667
 0 0.0133333 0.173333 0.293333 0.266667 0.106667 0.04 0.106667
#OBS_catch_prop_N_EM
 150
 150
 150
 150
 150
 150
 150
 150
 150
 150
 150
 150
 150
 150
 150
 150
 150
 150
 150
 150
 150
 150
 150
 150
 150
 150
 150
 150
 150
 150
 150
 150
 150
 150
 150
 150
 150
 150
 150
 150
 150
 150
 150
 150
 150
 150
 150
 150
 150
 150
 150
 150
 150
 150
 150
 150
 150
 150
 150
 150

#nyrs_release
7
#years_of_tag_releases 
 1 5 10 15 20 25 30
#max_life_tags
5
#age_full_selection
 8 8 8 8 8 8 8 8 8 8 8 8 8 8 8 8 8 8 8 8 8 8 8 8 8 8 8 8 8 8
 8 8 8 8 8 8 8 8 8 8 8 8 8 8 8 8 8 8 8 8 8 8 8 8 8 8 8 8 8 8
#input_report_rate_EM
 0.7
 0.8
#ntags
 48.1022 337.765 978.657 773.44 455.578 413.357 265.42 216.124
 104.86 662.024 730.864 409.763 405.785 276.707 178.137 437.204
 102.497 514.648 1281.66 796.607 274.665 251.269 130.425 116.973
 51.541 723.083 1418.8 548.829 178.611 255.269 99.0776 106.272
 78.4456 593.149 1052.96 633.598 620.494 163.422 106.805 61.5929
 59.5974 490.027 1742.18 443.858 416.225 251.846 86.7661 74.1254
 203.54 442.416 540.906 848.913 864.038 240.729 100.551 211.029
 26.0879 117.539 318.919 409.299 243.627 176.251 131.854 87.9798
 38.9526 229.2 571.121 250.482 240.973 143.262 151.455 169.208
 23.1722 184.638 385.118 466.158 168.05 156.339 77.022 70.7612
 74.2142 295.96 687.599 294.026 72.523 108.018 45.6956 40.4855
 210.478 333.228 391.433 262.486 334.162 91.5508 44.0537 22.1456
 62.7374 116.734 619.43 243.755 147.2 177.896 44.4421 23.1787
 93.0921 140.868 307.858 367.064 355.76 117.811 66.3568 99.0687
#ntags_total
 5000 5000 5000 5000 5000 5000 5000
#tag_N_EM
 200 200 200 200 200 200 200 200
 200 200 200 200 200 200 200 200
 200 200 200 200 200 200 200 200
 200 200 200 200 200 200 200 200
 200 200 200 200 200 200 200 200
 200 200 200 200 200 200 200 200
 200 200 200 200 200 200 200 200
 200 200 200 200 200 200 200 200
 200 200 200 200 200 200 200 200
 200 200 200 200 200 200 200 200
 200 200 200 200 200 200 200 200
 200 200 200 200 200 200 200 200
 200 200 200 200 200 200 200 200
 200 200 200 200 200 200 200 200

#input_T_EM
 0.85
 0.15
 0.85
 0.15
 0.85
 0.15
 0.85
 0.15
 0.85
 0.15
 0.85
 0.15
 0.85
 0.15
 0.85
 0.15

 0.25
 0.75
 0.25
 0.75
 0.25
 0.75
 0.25
 0.75
 0.25
 0.75
 0.25
 0.75
 0.25
 0.75
 0.25
 0.75


#OBS_tag_prop_final
 0.005 0 0.01 0.015 0.035 0.02 0.025 0.035 0.03 0.03 0.795
 0.025 0 0.055 0.025 0.035 0.035 0.03 0.04 0.025 0.015 0.715
 0.015 0.01 0.08 0.03 0.025 0.045 0.04 0.01 0.02 0.005 0.72
 0.025 0.04 0.035 0.055 0.035 0.04 0.04 0.03 0.02 0 0.68
 0.085 0.05 0.03 0.04 0.03 0.035 0.035 0.025 0.025 0 0.645
 0.04 0.035 0.065 0.025 0.035 0.005 0.095 0.03 0.02 0 0.65
 0.07 0.01 0.065 0.02 0.035 0.01 0.045 0.03 0.01 0.005 0.7
 0.105 0 0.07 0.02 0.06 0.015 0.065 0.02 0.02 0.01 0.615
 0.005 0 0.015 0.01 0.09 0.07 0.05 0.035 0.03 0.025 0.67
 0.015 0 0.075 0.025 0.075 0.05 0.035 0.005 0.015 0.005 0.7
 0.04 0.05 0.05 0.11 0.065 0.05 0.01 0.025 0 0.01 0.59
 0.105 0.03 0.085 0.035 0.065 0.035 0 0.01 0.005 0.005 0.625
 0.115 0.065 0.07 0.06 0.06 0.005 0.015 0.01 0.005 0.02 0.575
 0.145 0.02 0.105 0.02 0.085 0.01 0.025 0.01 0.01 0.015 0.555
 0.145 0.065 0.06 0.025 0.055 0.025 0.02 0.01 0.01 0.005 0.58
 0.185 0.005 0.115 0.02 0.095 0.015 0.03 0.005 0.025 0 0.505
 0.02 0 0.055 0.06 0.04 0.09 0.05 0.015 0.02 0.02 0.63
 0.04 0.005 0.115 0.045 0.07 0.025 0.01 0.035 0.01 0.015 0.63
 0.085 0.015 0.105 0.055 0.035 0.035 0.025 0.02 0.015 0.005 0.605
 0.2 0.045 0.095 0.01 0.03 0.02 0.015 0.015 0.01 0 0.56
 0.205 0.085 0.1 0.065 0.035 0.035 0.02 0.01 0 0.005 0.44
 0.265 0.035 0.095 0.03 0.035 0.04 0.035 0 0.01 0 0.455
 0.27 0.05 0.105 0.035 0.05 0.025 0.01 0.02 0 0.005 0.43
 0.22 0.03 0.1 0.01 0.04 0.03 0.025 0.01 0.01 0 0.525
 0 0 0.08 0.015 0.11 0.055 0.045 0.04 0.01 0.01 0.635
 0.055 0.005 0.115 0.07 0.065 0.055 0.015 0.01 0.01 0.005 0.595
 0.09 0.08 0.11 0.08 0.025 0.035 0.005 0.01 0 0.005 0.56
 0.165 0.095 0.09 0.035 0.04 0.015 0.025 0 0.01 0 0.525
 0.26 0.055 0.125 0.025 0.06 0 0.015 0 0 0 0.46
 0.27 0.04 0.13 0.025 0.02 0.01 0.01 0.01 0.01 0 0.475
 0.335 0.045 0.09 0.025 0.015 0 0.04 0.005 0.005 0 0.44
 0.345 0.025 0.11 0.03 0.065 0.015 0.01 0.015 0 0 0.385
 0.005 0 0.025 0.025 0.075 0.055 0.02 0.035 0.03 0.02 0.71
 0.025 0.005 0.135 0.03 0.06 0.035 0.03 0.01 0.025 0 0.645
 0.09 0.01 0.085 0.075 0.06 0.015 0.025 0.005 0.02 0 0.615
 0.14 0.06 0.095 0.065 0.06 0 0.01 0.01 0.005 0 0.555
 0.215 0.105 0.075 0.03 0.04 0.01 0.035 0.005 0.02 0 0.465
 0.315 0.005 0.07 0.015 0.065 0.02 0.025 0.005 0.015 0 0.465
 0.295 0.02 0.125 0.015 0.085 0 0.02 0 0.02 0.005 0.415
 0.255 0.005 0.08 0.005 0.07 0.005 0.035 0 0.01 0 0.535
 0.005 0 0.04 0.04 0.035 0.005 0.035 0.03 0.02 0.04 0.75
 0.03 0 0.035 0.015 0.04 0.015 0.06 0.03 0.015 0.01 0.75
 0.05 0.085 0.035 0.05 0.005 0 0.04 0.025 0.005 0.025 0.68
 0.145 0.04 0.07 0.02 0.035 0 0.035 0.01 0.005 0.015 0.625
 0.17 0.085 0.04 0.055 0.015 0 0.045 0.01 0.01 0.005 0.565
 0.225 0.04 0.04 0.01 0.045 0 0.045 0.01 0.015 0.005 0.565
 0.19 0.035 0.045 0.005 0.03 0.005 0.05 0.02 0.025 0.01 0.585
 0.145 0.045 0.075 0.02 0.035 0.005 0.04 0.015 0.015 0.005 0.6
 0 0 0 0 0 0 0 0 0 0 1
 0.01 0 0 0 0 0 0 0 0 0 0.99
 0.015 0.015 0 0 0 0 0 0 0 0 0.97
 0.04 0.02 0 0 0 0 0 0 0 0 0.94
 0.01 0.015 0 0 0 0 0 0 0 0 0.975
 0.045 0 0 0 0 0 0 0 0 0 0.955
 0.035 0.01 0 0 0 0 0 0 0 0 0.955
 0.08 0.005 0 0 0 0 0 0 0 0 0.915
 0 0 0.015 0.04 0.015 0.04 0.05 0.02 0.015 0.03 0.775
 0 0.005 0.03 0.07 0.03 0.045 0.02 0.025 0.01 0.03 0.735
 0.01 0.035 0.03 0.065 0.045 0.04 0.025 0.02 0.03 0.02 0.68
 0.025 0.095 0.02 0.055 0.02 0.03 0.02 0.02 0.02 0.01 0.685
 0.01 0.165 0.04 0.08 0.03 0.03 0.03 0.035 0.02 0.01 0.55
 0.01 0.105 0.01 0.1 0.015 0.04 0.015 0.015 0.02 0.005 0.665
 0.02 0.105 0.04 0.035 0.025 0.05 0.01 0.025 0.015 0.005 0.67
 0.025 0.125 0.045 0.09 0.02 0.055 0.015 0.005 0.01 0.005 0.605
 0 0 0.02 0.07 0.035 0.035 0.02 0.035 0.01 0.02 0.755
 0 0 0.04 0.09 0.03 0.075 0.025 0.05 0.01 0 0.68
 0.005 0.065 0.01 0.14 0.015 0.055 0.015 0.015 0.01 0.005 0.665
 0.02 0.155 0.02 0.13 0.02 0.05 0.025 0.02 0 0.005 0.555
 0.055 0.12 0.04 0.055 0.095 0.045 0.015 0.02 0.01 0 0.545
 0.03 0.18 0.045 0.075 0.035 0.04 0.01 0.025 0.015 0.015 0.53
 0.015 0.185 0.025 0.1 0.055 0.035 0.02 0.025 0.01 0.015 0.515
 0.045 0.135 0.025 0.065 0.05 0.045 0.005 0.03 0.01 0.005 0.585
 0 0.01 0.025 0.095 0.04 0.105 0.04 0.05 0.01 0.02 0.605
 0 0.025 0.005 0.16 0.025 0.06 0.025 0.01 0.01 0.01 0.67
 0.015 0.075 0.065 0.09 0.02 0.03 0.005 0.015 0.005 0.01 0.67
 0.03 0.21 0 0.16 0.005 0.04 0.005 0.02 0.01 0.005 0.515
 0.045 0.25 0.07 0.1 0.035 0.03 0 0.02 0.005 0 0.445
 0.045 0.245 0.02 0.115 0.025 0.04 0.015 0.02 0.01 0.01 0.455
 0.085 0.185 0.06 0.08 0.03 0.04 0.01 0.02 0.005 0.005 0.48
 0.035 0.255 0.035 0.165 0.025 0.055 0.015 0.015 0 0.01 0.39
 0 0.01 0.035 0.08 0.06 0.065 0.02 0.065 0.005 0.025 0.635
 0.005 0.02 0.055 0.16 0.045 0.04 0.02 0.025 0 0 0.63
 0.035 0.185 0.065 0.105 0 0.03 0.015 0.01 0.01 0 0.545
 0.015 0.28 0.015 0.13 0.005 0.04 0.005 0.015 0.005 0 0.49
 0.035 0.345 0.005 0.13 0.015 0.045 0 0.01 0 0.01 0.405
 0 0.385 0.01 0.11 0.005 0.04 0 0.025 0 0.01 0.415
 0.03 0.395 0.015 0.11 0 0.03 0.005 0.015 0 0.005 0.395
 0.035 0.41 0.035 0.08 0.005 0.065 0 0.015 0 0 0.355
 0 0 0.015 0.055 0.06 0.05 0.03 0.065 0.01 0.015 0.7
 0 0.03 0.06 0.155 0 0.06 0 0.025 0 0.01 0.66
 0.02 0.145 0.035 0.07 0.03 0.015 0.015 0.015 0.005 0 0.65
 0.065 0.215 0.035 0.12 0.01 0.02 0.005 0.005 0 0.005 0.52
 0.015 0.295 0.035 0.11 0.01 0.045 0 0.005 0.005 0 0.48
 0 0.345 0.005 0.155 0.01 0.02 0.005 0.015 0 0.005 0.44
 0.025 0.285 0.005 0.14 0.01 0.07 0 0.02 0 0.01 0.435
 0.01 0.375 0.005 0.105 0.005 0.065 0 0.01 0 0 0.425
 0 0 0 0.075 0.015 0.01 0.025 0.02 0.005 0.035 0.815
 0 0.015 0.01 0.115 0.005 0.005 0 0.02 0.01 0.035 0.785
 0.01 0.085 0.025 0.085 0.01 0.025 0.025 0.015 0.005 0.005 0.71
 0.015 0.325 0.01 0.105 0.01 0 0 0.015 0 0.015 0.505
 0.055 0.235 0.02 0.065 0.01 0.005 0.01 0.015 0.02 0.02 0.545
 0.01 0.305 0.015 0.1 0.005 0.01 0.01 0.025 0 0.015 0.505
 0.02 0.355 0.01 0.07 0 0.015 0.005 0.015 0 0.015 0.495
 0.01 0.365 0 0.085 0.005 0.01 0 0.025 0.005 0.005 0.49
 0 0 0 0 0 0 0 0 0 0 1
 0 0 0 0 0 0 0 0 0 0 1
 0.005 0.04 0 0 0 0 0 0 0 0 0.955
 0 0.065 0 0 0 0 0 0 0 0 0.935
 0.005 0.06 0 0 0 0 0 0 0 0 0.935
 0 0.07 0 0 0 0 0 0 0 0 0.93
 0 0.035 0 0 0 0 0 0 0 0 0.965
 0.01 0.085 0 0 0 0 0 0 0 0 0.905
#OBS_tag_prop_final_no_age
 0 0 0 0 0 0 0 0 0 0 0
 0 0 0 0 0 0 0 0 0 0 0
 0 0 0 0 0 0 0 0 0 0 0
 0 0 0 0 0 0 0 0 0 0 0
 0 0 0 0 0 0 0 0 0 0 0
 0 0 0 0 0 0 0 0 0 0 0
 0 0 0 0 0 0 0 0 0 0 0
 0 0 0 0 0 0 0 0 0 0 0
 0 0 0 0 0 0 0 0 0 0 0
 0 0 0 0 0 0 0 0 0 0 0
 0 0 0 0 0 0 0 0 0 0 0
 0 0 0 0 0 0 0 0 0 0 0
 0 0 0 0 0 0 0 0 0 0 0
 0 0 0 0 0 0 0 0 0 0 0
#input_M_EM
 0.2 0.2 0.2 0.2 0.2 0.2 0.2 0.2
 0.25 0.25 0.25 0.25 0.25 0.25 0.25 0.25
#input_Rec_Prop_EM
 1 1 1 1 1 1 1 1 1 1 1 1 1 1 1 1 1 1 1 1 1 1 1 1 1 1 1 1 1 1
 1 1 1 1 1 1 1 1 1 1 1 1 1 1 1 1 1 1 1 1 1 1 1 1 1 1 1 1 1 1
#input_selectivity_EM
 0.05
 0.1
 0.25
 0.68
 0.95
 0.99
 1
 1
 0.01
 0.05
 0.37
 0.84
 0.97
 1
 1
 1

#input_survey_selectivity_EM
 0.03
 0.3
 0.75
 0.95
 1
 1
 1
 1
 0.05
 0.2
 0.69
 0.9
 1
 1
 1
 1

#input_dist_init_abund
 1
 0
 0
 1
#init_abund_EM
 6000 5000 5040 4320 3000 2500 1500 1000
 0 0 0 0 0 0 0 0
 0 0 0 0 0 0 0 0
 4000 3500 4000 3000 1250 1000 900 800

#frac_natal_true
 1
 0
 0
 1
#frac_natal_true_age
 1 1 1 1 1 1 1 1
 0 0 0 0 0 0 0 0
 0 0 0 0 0 0 0 0
 1 1 1 1 1 1 1 1
#input_M_TRUE
 0.2 0.2 0.2 0.2 0.2 0.2 0.2 0.2
 0.25 0.25 0.25 0.25 0.25 0.25 0.25 0.25
#init_abund_TRUE
 6000 5000 5040 4320 3000 2500 1500 1000
 0 0 0 0 0 0 0 0
 0 0 0 0 0 0 0 0
 4000 3500 4000 3000 1250 1000 900 800
#q_survey
 0.0015
 0.001
#sel_beta1
 1.31426
 2.44878
#sel_beta2
 3.75925
 3.16045
#sel_beta3
 -0.6
 -0.6
#sel_beta4
 20
 20
#sel_beta1_survey
 2.51256
 1.81389
#sel_beta2_survey
 2.31079
 2.64324
#sel_beta3_survey
 -0.6
 -0.6
#sel_beta4_survey
 20
 20
#steep
 0.7 0.7
#R_ave
 6000 4000
#SSB_zero
 55889.1 26502.8
#rec_devs
 0.496213 0.734015 1.52927 1.46611 1.83732 0.985516 1.11489 1.40036 1.06207 1.65344 0.253886 0.558373 0.863818 1.02004 0.494977 0.931096 0.471139 0.612213 0.58893 0.511328 0.813862 0.401553 2.16251 0.985205 0.696045 1.77171 0.587228 0.37975 0.908585 2.45957
 0.751704 0.74909 0.962098 1.77165 1.02416 0.560086 1.47957 0.822441 0.938962 0.249257 0.42485 0.569356 1.17383 0.828658 1.01503 1.44997 0.654307 0.61991 1.08285 2.49647 0.830449 0.956786 1.00861 0.434476 0.92775 1.29721 1.58778 0.867219 0.478239 1.61028
#Rec_Prop
 1 1 1 1 1 1 1 1 1 1 1 1 1 1 1 1 1 1 1 1 1 1 1 1 1 1 1 1 1
 1 1 1 1 1 1 1 1 1 1 1 1 1 1 1 1 1 1 1 1 1 1 1 1 1 1 1 1 1
#recruits_BM
 6000 3928.63 8212.1 7785.71 9489.7 4851.45 5257.44 6527.37 4675.4 7105.87 1023.58 2170.24 3243.89 3579.44 1516.39 2481.1 1131.67 1483.21 1464.93 1192.04 1768.09 836.078 4559.83 2187 1656.29 4547.13 1586.09 1153.42 2882.03 7978.56
 4000 2911.29 3758.13 6897.17 3937.3 2105.12 5477.52 3000.19 3365.95 871.586 1412.28 1836.91 3567.6 2384.75 2647.54 3419.21 1459.59 1374.22 2304.31 5210.29 1714.7 1857.19 2017.84 968.944 2275.36 3192.23 3600.98 2161.74 1381.7 4706.54
#F
 0.00518456 0.018025 0.053873 0.11569 0.167252 0.190005 0.197213 0.199243
 0.00641842 0.0223148 0.0666941 0.143223 0.207056 0.235223 0.244147 0.246661
 0.00705905 0.024542 0.0733509 0.157518 0.227723 0.258701 0.268515 0.27128
 0.0101611 0.035327 0.105585 0.226739 0.327795 0.372387 0.386513 0.390493
 0.00946452 0.0329051 0.0983463 0.211194 0.305323 0.346857 0.360016 0.363723
 0.00997149 0.0346676 0.103614 0.222507 0.321677 0.365437 0.3793 0.383206
 0.0175437 0.0609936 0.182297 0.391475 0.565953 0.642943 0.667334 0.674205
 0.0128065 0.044524 0.133073 0.285768 0.413134 0.469335 0.487139 0.492155
 0.0160583 0.0558297 0.166863 0.358331 0.518037 0.588509 0.610834 0.617124
 0.0176515 0.0613686 0.183417 0.393881 0.569432 0.646895 0.671436 0.67835
 0.0164744 0.0572761 0.171186 0.367615 0.531458 0.603756 0.62666 0.633113
 0.0154429 0.0536899 0.160468 0.344598 0.498183 0.565954 0.587424 0.593472
 0.0186677 0.0649015 0.193977 0.416557 0.602214 0.684136 0.710089 0.717401
 0.0158843 0.0552246 0.165054 0.354447 0.512423 0.58213 0.604214 0.610436
 0.0199549 0.0693767 0.207352 0.44528 0.643738 0.73131 0.759053 0.766869
 0.0203459 0.0707362 0.211415 0.454005 0.656353 0.74564 0.773927 0.781896
 0.0191907 0.06672 0.199412 0.428228 0.619087 0.703305 0.729985 0.737502
 0.0187134 0.0650604 0.194452 0.417577 0.603688 0.685811 0.711828 0.719158
 0.0181247 0.0630138 0.188335 0.404441 0.584698 0.664238 0.689437 0.696536
 0.015564 0.054111 0.161726 0.3473 0.50209 0.570392 0.592031 0.598127
 0.0137606 0.0478412 0.142987 0.307059 0.443913 0.504302 0.523433 0.528823
 0.0142309 0.0494763 0.147874 0.317554 0.459085 0.521538 0.541322 0.546897
 0.00917555 0.0319004 0.0953435 0.204746 0.296001 0.336267 0.349024 0.352618
 0.0114567 0.0398312 0.119047 0.255649 0.36959 0.419867 0.435795 0.440283
 0.00980127 0.0340758 0.101845 0.218709 0.316186 0.359199 0.372825 0.376664
 0.00664389 0.0230987 0.0690369 0.148254 0.21433 0.243486 0.252723 0.255326
 0.00578005 0.0200953 0.0600607 0.128978 0.186463 0.211828 0.219864 0.222128
 0.0116726 0.040582 0.121291 0.260467 0.376555 0.42778 0.444009 0.448581
 0.00765457 0.0266125 0.079539 0.170807 0.246934 0.280526 0.291168 0.294166
 0.00259228 0.00901252 0.0269365 0.057845 0.0836262 0.0950024 0.0986063 0.0996217
 0.00125354 0.0137781 0.100754 0.221635 0.247266 0.249761 0.249979 0.249998
 0.00140303 0.0154212 0.112769 0.248066 0.276754 0.279547 0.279791 0.279812
 0.00151854 0.0166909 0.122054 0.268489 0.299539 0.302562 0.302826 0.302849
 0.00166202 0.018268 0.133586 0.293858 0.327842 0.33115 0.331439 0.331464
 0.00166061 0.0182525 0.133473 0.293609 0.327564 0.33087 0.331158 0.331183
 0.00218391 0.0240042 0.175533 0.386131 0.430786 0.435134 0.435514 0.435546
 0.0024779 0.0272355 0.199163 0.43811 0.488776 0.493709 0.49414 0.494177
 0.00277969 0.0305526 0.223419 0.491469 0.548306 0.553839 0.554323 0.554365
 0.00283319 0.0311407 0.22772 0.500929 0.55886 0.5645 0.564993 0.565035
 0.00247525 0.0272064 0.19895 0.437642 0.488253 0.493181 0.493612 0.493649
 0.00345528 0.0379783 0.27772 0.610918 0.681569 0.688447 0.689048 0.6891
 0.00344065 0.0378175 0.276545 0.608332 0.678683 0.685533 0.686131 0.686183
 0.00380825 0.0418579 0.30609 0.673326 0.751193 0.758775 0.759437 0.759494
 0.00373999 0.0411077 0.300604 0.661258 0.737729 0.745175 0.745825 0.745882
 0.00425975 0.0468206 0.34238 0.753155 0.840254 0.848734 0.849475 0.849539
 0.00433416 0.0476385 0.348361 0.766312 0.854933 0.863561 0.864315 0.86438
 0.00415989 0.045723 0.334354 0.735499 0.820557 0.828838 0.829561 0.829624
 0.00391857 0.0430705 0.314958 0.692832 0.772955 0.780756 0.781438 0.781496
 0.00390195 0.0428879 0.313622 0.689893 0.769677 0.777445 0.778123 0.778182
 0.00319069 0.0350701 0.256454 0.564137 0.629378 0.63573 0.636285 0.636333
 0.0036464 0.040079 0.293082 0.64471 0.719269 0.726528 0.727162 0.727217
 0.00277474 0.0304983 0.223022 0.490595 0.54733 0.552854 0.553337 0.553379
 0.00315968 0.0347293 0.253962 0.558655 0.623262 0.629552 0.630102 0.630149
 0.00205785 0.0226186 0.165401 0.363843 0.40592 0.410017 0.410375 0.410406
 0.00336157 0.0369483 0.270189 0.59435 0.663085 0.669777 0.670361 0.670412
 0.00235476 0.0258821 0.189266 0.416339 0.464487 0.469175 0.469585 0.46962
 0.000626769 0.00688906 0.050377 0.110817 0.123633 0.124881 0.12499 0.124999
 0.00142607 0.0156745 0.114621 0.252139 0.281298 0.284137 0.284385 0.284407
 0.0022348 0.0245636 0.179624 0.39513 0.440825 0.445274 0.445662 0.445696
 0.000626769 0.00688906 0.050377 0.110817 0.123633 0.124881 0.12499 0.124999
#Fyear
 0.2
 0.247597
 0.27231
 0.391976
 0.365104
 0.384661
 0.676765
 0.494024
 0.619468
 0.680925
 0.635517
 0.595726
 0.720126
 0.612754
 0.769781
 0.784865
 0.740303
 0.721889
 0.699181
 0.600398
 0.530831
 0.548973
 0.353957
 0.441954
 0.378094
 0.256295
 0.222971
 0.450284
 0.295283
 0.1
 0.25
 0.279814
 0.302851
 0.331467
 0.331186
 0.43555
 0.49418
 0.554369
 0.565039
 0.493652
 0.689105
 0.686188
 0.7595
 0.745887
 0.849545
 0.864386
 0.82963
 0.781502
 0.778188
 0.636337
 0.727222
 0.553382
 0.630154
 0.410409
 0.670417
 0.469624
 0.125
 0.284409
 0.445699
 0.125
#biomass_AM
 70321.9 69508.7 66104 58947.1 50805.4 46295.2 45199.4 38754.8 35223.7 32429.7 28472.2 24450.1 21030.2 16958.1 14522.8 13917.6 12872.4 12907.9 11619.1 9960.88 10121.8 10291.4 11994.2 12657.2 13512.2 15932.3 17018.1 18155.5 19626.1 23064.9
 60634.4 57996.9 53621.2 51979.8 49494.7 48771.9 45449.1 38973.1 34662 29556.6 25873.2 21654.3 18634.7 14596.1 14776.7 14032.5 12782.4 10819.1 10533.4 11225 10649 12099.3 13053.3 12583.6 13593.5 12682.5 14774.3 19517.9 19181.5 19031.6
#biomass_population
 70321.9 69508.7 66104 58947.1 50805.4 46295.2 45199.4 38754.8 35223.7 32429.7 28472.2 24450.1 21030.2 16958.1 14522.8 13917.6 12872.4 12907.9 11619.1 9960.88 10121.8 10291.4 11994.2 12657.2 13512.2 15932.3 17018.1 18155.5 19626.1 23064.9
 60634.4 57996.9 53621.2 51979.8 49494.7 48771.9 45449.1 38973.1 34662 29556.6 25873.2 21654.3 18634.7 14596.1 14776.7 14032.5 12782.4 10819.1 10533.4 11225 10649 12099.3 13053.3 12583.6 13593.5 12682.5 14774.3 19517.9 19181.5 19031.6
#catch_at_age_fleet_prop
 0.0161717 0.0449992 0.144178 0.211189 0.177762 0.183164 0.122091 0.100445
 0.0108763 0.045153 0.110572 0.233497 0.20542 0.124524 0.106445 0.163513
 0.0244121 0.0326745 0.131107 0.189315 0.197758 0.161914 0.0779723 0.184848
 0.0278848 0.0669334 0.068493 0.22168 0.178975 0.13761 0.110355 0.188069
 0.038617 0.0966337 0.118057 0.122906 0.174296 0.135123 0.0903354 0.224031
 0.0209899 0.106866 0.154419 0.222983 0.100362 0.109499 0.0817297 0.203152
 0.0251458 0.0569316 0.207679 0.266438 0.168447 0.0622625 0.059609 0.153486
 0.0321782 0.0758447 0.126888 0.306412 0.217478 0.0988756 0.0361449 0.106178
 0.0273048 0.0916675 0.184885 0.188978 0.23903 0.134789 0.0584335 0.074912
 0.0404146 0.0804665 0.222163 0.257745 0.128068 0.133643 0.0721196 0.0653796
 0.00729644 0.109854 0.160942 0.313389 0.199727 0.0708429 0.0742461 0.0637022
 0.0178207 0.023904 0.220898 0.262195 0.253686 0.118202 0.0346679 0.0686264
 0.0345063 0.0599862 0.0649269 0.352553 0.217935 0.150691 0.0619053 0.0574965
 0.0446223 0.124193 0.152114 0.126128 0.283917 0.127922 0.0744086 0.0666949
 0.0227631 0.12665 0.275674 0.199417 0.0937404 0.15301 0.0617683 0.066977
 0.0369157 0.0637798 0.312049 0.33601 0.104143 0.0421287 0.0600756 0.0448985
 0.0176443 0.103171 0.180281 0.368383 0.216481 0.0535869 0.0181529 0.0422994
 0.0228872 0.0498097 0.302197 0.25403 0.223141 0.100858 0.0230393 0.0240383
 0.0267327 0.0685886 0.128329 0.444206 0.145115 0.11816 0.0474261 0.0214429
 0.0316194 0.0947931 0.186464 0.209112 0.29456 0.0884053 0.0600478 0.0349991
 0.0352932 0.101215 0.228624 0.250863 0.143541 0.15324 0.0441709 0.0430543
 0.017018 0.0902554 0.257853 0.28358 0.164158 0.0767144 0.0717884 0.0386326
 0.0674824 0.0462179 0.183945 0.365354 0.166996 0.0850124 0.0354054 0.0495871
 0.0332672 0.17477 0.108572 0.269786 0.220374 0.0998067 0.0476443 0.045779
 0.0246045 0.0801868 0.315506 0.149285 0.200511 0.137945 0.0493551 0.0426064
 0.0540937 0.0591061 0.136324 0.430144 0.0923919 0.110627 0.072738 0.0445757
 0.0192797 0.126264 0.14465 0.184607 0.329858 0.0629476 0.0626732 0.0697205
 0.0125403 0.056027 0.294577 0.210279 0.101545 0.213248 0.0382697 0.0735136
 0.0257173 0.0343239 0.155511 0.405579 0.15567 0.0624287 0.105703 0.0550674
 0.0667473 0.0574861 0.0776907 0.225798 0.328123 0.103772 0.0449894 0.095394
 0.00213486 0.0215151 0.154771 0.312558 0.194098 0.140222 0.104794 0.0699077
 0.00168878 0.020687 0.121294 0.247264 0.248284 0.145052 0.117237 0.0984934
 0.00247802 0.0167028 0.0960136 0.197053 0.260974 0.170695 0.110755 0.14533
 0.00505904 0.0330754 0.132726 0.174541 0.183145 0.196609 0.117534 0.15731
 0.00295903 0.038949 0.257543 0.178099 0.178853 0.106187 0.112147 0.125263
 0.00148094 0.0273647 0.292559 0.287371 0.121507 0.104404 0.0567281 0.108586
 0.00409632 0.0160965 0.209948 0.357795 0.204187 0.0664505 0.0567695 0.0846578
 0.0030581 0.0432978 0.120013 0.340267 0.25443 0.122262 0.0349097 0.0817628
 0.00371134 0.0358429 0.260831 0.185696 0.251138 0.139561 0.0607093 0.0625103
 0.00196852 0.0350948 0.194648 0.373386 0.140707 0.130743 0.0643479 0.0591037
 0.00199446 0.0262225 0.251806 0.285277 0.236704 0.0755385 0.0582403 0.0642177
 0.00304783 0.019499 0.246691 0.324546 0.188002 0.119067 0.0393578 0.0597892
 0.00757194 0.0343661 0.123529 0.380682 0.226624 0.11402 0.0656617 0.0475456
 0.00717639 0.0798319 0.241528 0.148998 0.278734 0.126604 0.0664273 0.0507004
 0.0071474 0.0638018 0.39642 0.272911 0.070682 0.105197 0.0444597 0.0393815
 0.0096051 0.0611237 0.247593 0.436884 0.149298 0.0259901 0.0369624 0.0325433
 0.00434366 0.0867323 0.253199 0.35037 0.219493 0.0517058 0.00914383 0.0250119
 0.00467117 0.0403652 0.339313 0.271811 0.216917 0.0937268 0.0197979 0.0133972
 0.00839606 0.044075 0.200458 0.398059 0.204807 0.0933415 0.0378609 0.0130032
 0.0197142 0.0698457 0.218625 0.233632 0.311399 0.0852248 0.0409694 0.0205904
 0.00659158 0.149663 0.294684 0.239637 0.125805 0.129087 0.0307522 0.023782
 0.00500553 0.0405139 0.485082 0.26886 0.107282 0.0381578 0.0384603 0.0166385
 0.00625315 0.0378549 0.18595 0.510337 0.172713 0.0476478 0.0163535 0.0228906
 0.00277211 0.0590558 0.189844 0.235268 0.383177 0.0881621 0.0228965 0.0188255
 0.00611793 0.0254752 0.360405 0.226349 0.143169 0.17285 0.0431394 0.0224941
 0.0090712 0.0529105 0.173119 0.423038 0.158251 0.074541 0.0776275 0.0314426
 0.00804642 0.0717825 0.202355 0.232552 0.319021 0.0742078 0.0416755 0.0503602
 0.00375705 0.0492114 0.273373 0.229203 0.197246 0.164316 0.0353814 0.047512
 0.00261348 0.0304289 0.199486 0.355109 0.160641 0.109195 0.0961918 0.0463339
 0.00786841 0.0266292 0.154105 0.288414 0.291447 0.0963714 0.0542258 0.0809386
#yield_fleet
 8515.11
 10544.5
 10823.2
 13180.7
 10136
 9302.33
 14197.5
 9274.12
 10137.3
 9483.3
 8240.21
 7099.07
 7168.08
 4682.46
 4531.44
 4096.59
 3887.59
 3872.86
 3545.28
 2668.74
 2328.56
 2458.78
 1864.04
 2433.48
 2353.21
 1934.36
 1949.82
 4010.23
 3003.84
 1261.78
 10023.7
 10992.8
 11078.6
 10824.2
 9738.25
 12150.8
 12763.9
 12253.3
 10534
 8341.4
 9439.28
 7842.24
 7114.42
 5000.05
 5095.84
 5028.47
 4572.9
 3858
 3785.04
 2925.86
 3008.95
 2917.34
 4071.93
 2897.23
 4370.45
 3009.87
 1028.08
 3146.63
 4965.05
 1493.55
#survey_at_age_fleet_prop
 0.013789 0.096824 0.280543 0.221715 0.130596 0.118493 0.0760855 0.0619543
 0.00961463 0.10072 0.223001 0.253958 0.156266 0.0833903 0.0686616 0.104389
 0.0217657 0.073509 0.266651 0.207589 0.151623 0.109267 0.0506816 0.118914
 0.0254213 0.153947 0.142335 0.248 0.13976 0.0945 0.0729701 0.123067
 0.0327142 0.206538 0.228014 0.127837 0.126596 0.0863269 0.0555751 0.136398
 0.0162718 0.209009 0.272887 0.212157 0.0666608 0.0639627 0.0459704 0.113081
 0.0192636 0.109989 0.361913 0.24877 0.109149 0.03537 0.0325718 0.0829733
 0.0257576 0.153146 0.231367 0.300327 0.148521 0.0593252 0.0208752 0.0606804
 0.0208762 0.176761 0.321699 0.176371 0.155028 0.0766973 0.0319901 0.0405767
 0.0295489 0.148367 0.369488 0.229653 0.0791829 0.0724382 0.0376 0.0337221
 0.00539231 0.204752 0.270654 0.282597 0.125113 0.0389263 0.0392482 0.0333167
 0.0139411 0.0471648 0.393351 0.250536 0.168545 0.0689187 0.0194495 0.0380939
 0.0302059 0.132416 0.129242 0.375676 0.160988 0.0975338 0.038533 0.0354047
 0.0344631 0.241916 0.267382 0.11893 0.186072 0.0735599 0.0411678 0.0365091
 0.0152421 0.213836 0.419578 0.162305 0.0528204 0.0754902 0.0293001 0.0314278
 0.0244853 0.106667 0.470396 0.270769 0.058077 0.0205662 0.028195 0.0208441
 0.0125986 0.185763 0.292671 0.320004 0.130295 0.0282517 0.00920291 0.0212138
 0.0158827 0.0871643 0.47687 0.214579 0.130659 0.0517442 0.0113672 0.0117328
 0.0206975 0.133917 0.225976 0.418905 0.0949191 0.0677389 0.0261495 0.0116965
 0.0236963 0.179174 0.318069 0.191393 0.187434 0.0493653 0.0322628 0.0186055
 0.0248976 0.180105 0.367292 0.216508 0.0862544 0.0808701 0.0224352 0.0216383
 0.0116981 0.156489 0.403596 0.238376 0.0960414 0.0394091 0.0354913 0.0188985
 0.0510874 0.0882778 0.317505 0.339668 0.108435 0.0485589 0.0194748 0.0269933
 0.0240551 0.318806 0.178897 0.239142 0.136238 0.0542365 0.0249259 0.0237005
 0.0167191 0.137469 0.488742 0.124517 0.116765 0.0706514 0.0243408 0.0207947
 0.0418715 0.115445 0.240731 0.409593 0.0615273 0.0648509 0.0410709 0.0249105
 0.0145715 0.24081 0.249455 0.171731 0.214679 0.0360703 0.0345938 0.0380888
 0.00889316 0.100233 0.476011 0.182773 0.0615477 0.113605 0.0196275 0.03731
 0.0203573 0.0685556 0.280769 0.394686 0.105892 0.0373726 0.0609451 0.0314228
 0.0589609 0.128158 0.156688 0.24591 0.250292 0.0697335 0.0291274 0.0611302
 0.017259 0.0777603 0.210987 0.27078 0.161176 0.116602 0.0872308 0.0582048
 0.0140252 0.0768046 0.169802 0.219825 0.211532 0.123753 0.100123 0.0841355
 0.0210404 0.0633994 0.137382 0.178954 0.227091 0.148737 0.0966049 0.126792
 0.0395408 0.115561 0.174752 0.145746 0.146505 0.157488 0.0942419 0.126165
 0.0217048 0.127713 0.318234 0.139571 0.134273 0.0798273 0.0843923 0.0942846
 0.0111038 0.0917071 0.369002 0.229164 0.0927445 0.0797912 0.0433981 0.0830895
 0.0324146 0.0569281 0.279235 0.300272 0.163928 0.0534132 0.0456771 0.068132
 0.023809 0.150651 0.156902 0.280077 0.200216 0.0963207 0.0275299 0.0644935
 0.0274721 0.118571 0.324159 0.145238 0.187765 0.104462 0.0454861 0.0468464
 0.0151328 0.120579 0.251504 0.304428 0.109746 0.102098 0.0502998 0.0462112
 0.0154154 0.0905633 0.326087 0.231284 0.183174 0.0585133 0.0451579 0.0498041
 0.0238378 0.0681455 0.323288 0.266305 0.147253 0.0933515 0.0308876 0.0469327
 0.0588941 0.119428 0.160775 0.309164 0.175511 0.088382 0.0509466 0.0368989
 0.0475391 0.236286 0.267799 0.103153 0.184054 0.083675 0.0439456 0.033549
 0.045853 0.182858 0.424831 0.181663 0.0448081 0.0667388 0.0282329 0.0250139
 0.0650255 0.184861 0.279921 0.306551 0.0997455 0.0173766 0.0247361 0.0217837
 0.0285677 0.254843 0.278286 0.23944 0.142897 0.0336884 0.00596329 0.0163156
 0.032898 0.127013 0.399718 0.199584 0.151841 0.0656644 0.0138837 0.0093972
 0.0609086 0.142855 0.243255 0.301137 0.147712 0.0673784 0.0273562 0.0093976
 0.124577 0.19723 0.23168 0.15536 0.197783 0.0541869 0.0260744 0.0131075
 0.0368676 0.374021 0.275966 0.140249 0.0702434 0.072143 0.0172033 0.0133071
 0.0326555 0.118122 0.531421 0.185449 0.0707463 0.0251917 0.0254166 0.0109981
 0.0465965 0.126054 0.232395 0.40033 0.129415 0.0357406 0.0122788 0.017191
 0.0200165 0.190604 0.230679 0.180887 0.28205 0.0649784 0.0168924 0.0138922
 0.0437081 0.0813267 0.431546 0.16982 0.102552 0.123937 0.0309621 0.0161482
 0.0640995 0.167106 0.205685 0.317419 0.113618 0.0535837 0.0558581 0.0226303
 0.0538476 0.214789 0.228658 0.167411 0.22027 0.0513126 0.0288469 0.0348663
 0.0264584 0.15493 0.324501 0.17276 0.142472 0.118852 0.0256176 0.0344087
 0.0201781 0.105007 0.259055 0.291464 0.12619 0.0858851 0.0757331 0.0364878
 0.0601418 0.0910072 0.19889 0.23714 0.229837 0.076111 0.0428695 0.0640029
#true_survey_fleet_bio
 80.2956
 79.0953
 73.0265
 60.5147
 50.226
 46.6222
 42.4992
 37.7929
 32.7385
 29.1044
 27.2205
 24.6077
 19.187
 14.893
 12.6853
 12.4638
 11.8094
 12.1754
 10.8707
 9.2331
 9.46042
 10.0301
 11.5433
 11.567
 13.6562
 16.1605
 17.8036
 18.8105
 21.3951
 24.172
 42.0281
 40.5722
 37.3565
 33.8455
 31.664
 30.3318
 27.3481
 22.942
 19.9489
 17.946
 14.5362
 12.1056
 9.63137
 7.23312
 6.88228
 6.39654
 6.11515
 5.47101
 5.18543
 5.0495
 4.84046
 6.33879
 6.94863
 7.58886
 7.19727
 6.92135
 9.05851
 12.1784
 11.842
 12.6739
#harvest_rate_region_bio
 0.121088 0.151701 0.16373 0.223601 0.199505 0.200935 0.314108 0.239303 0.287798 0.292426 0.289412 0.290349 0.340847 0.276119 0.312023 0.294346 0.30201 0.300038 0.305126 0.267922 0.230054 0.238916 0.155411 0.19226 0.174155 0.121411 0.114573 0.220882 0.153054 0.0547055
 0.165314 0.189541 0.206608 0.208239 0.196753 0.249136 0.280839 0.314403 0.303906 0.282218 0.364829 0.362157 0.381783 0.342561 0.344857 0.358344 0.357749 0.356593 0.359336 0.260657 0.282558 0.241115 0.311945 0.23024 0.32151 0.237324 0.0695853 0.161218 0.258845 0.078477
#depletion_region
 1 0.988437 0.94002 0.838247 0.72247 0.658332 0.64275 0.551106 0.500892 0.461161 0.404885 0.347689 0.299056 0.24115 0.206519 0.197913 0.183049 0.183555 0.165227 0.141647 0.143935 0.146347 0.170562 0.179989 0.192148 0.226562 0.242003 0.258177 0.279089 0.32799
 1 0.956502 0.884336 0.857265 0.816281 0.804359 0.74956 0.642755 0.571655 0.487456 0.426708 0.357128 0.307329 0.240723 0.243701 0.231428 0.210811 0.178431 0.17372 0.185125 0.175626 0.199545 0.215279 0.207532 0.224188 0.209164 0.243662 0.321894 0.316347 0.313875
#SSB_region
 26244.5 26676.1 25267.2 22276.2 18369.9 15779.1 15184.4 12737.5 11898.6 10057.9 9200.32 8495.15 7329.69 5619.23 4406.93 3730.73 3781.07 3941.48 3562.55 3203.96 3010.88 3066.65 3308.29 3676.83 4144.19 4507.24 5531.35 5995.96 6258.62 7529.1
 20823.5 21649.5 21095.4 19236.9 16569.3 15135.6 13942.7 12734.8 11310 9146.67 8184.21 6709.13 5712.66 4432.12 3534.44 3154.14 3115.14 2877.49 2773.82 2718.91 2431.45 2566.2 3152.47 3847.19 3876.02 3260.66 3989.25 5775.71 5969.37 5826.47
#Bratio_population
 0.469582 0.477304 0.452096 0.39858 0.328685 0.282329 0.271688 0.227908 0.212897 0.179961 0.164617 0.152 0.131147 0.100542 0.0788513 0.0667523 0.067653 0.0705232 0.0637432 0.0573271 0.0538723 0.0548703 0.0591938 0.0657879 0.0741502 0.0806462 0.0989701 0.107283 0.111983 0.134715
 0.78571 0.816877 0.795969 0.725844 0.62519 0.571095 0.526083 0.480509 0.426749 0.345121 0.308806 0.253148 0.215549 0.167232 0.133361 0.119012 0.11754 0.108573 0.104661 0.10259 0.0917431 0.0968275 0.118949 0.145162 0.146249 0.123031 0.150522 0.217928 0.225235 0.219843
#T_year
 0.705288
 0.294712
 0.794459
 0.205541
 0.815051
 0.184949
 0.827536
 0.172464
 0.864388
 0.135612
 0.873946
 0.126054
 0.800221
 0.199779
 0.818533
 0.181467
 0.751296
 0.248704
 0.826001
 0.173999
 0.83177
 0.16823
 0.8038
 0.1962
 0.830554
 0.169446
 0.884839
 0.115161
 0.76096
 0.23904
 0.805603
 0.194397
 0.722209
 0.277791
 0.909904
 0.0900961
 0.795892
 0.204108
 0.858364
 0.141636
 0.891817
 0.108183
 0.83367
 0.16633
 0.788824
 0.211176
 0.806333
 0.193667
 0.829279
 0.170721
 0.862643
 0.137357
 0.800779
 0.199221
 0.77066
 0.22934
 0.814589
 0.185411
 0.762842
 0.237158
 0.256391
 0.743609
 0.326801
 0.673199
 0.319799
 0.680201
 0.291678
 0.708322
 0.13375
 0.86625
 0.222828
 0.777172
 0.279358
 0.720642
 0.186862
 0.813138
 0.309835
 0.690165
 0.139308
 0.860692
 0.254258
 0.745742
 0.26963
 0.73037
 0.196303
 0.803697
 0.273222
 0.726778
 0.142399
 0.857601
 0.199052
 0.800948
 0.313829
 0.686171
 0.221706
 0.778294
 0.358297
 0.641703
 0.200161
 0.799839
 0.149683
 0.850317
 0.142125
 0.857875
 0.235295
 0.764705
 0.303376
 0.696624
 0.176632
 0.823368
 0.312408
 0.687592
 0.202236
 0.797764
 0.273016
 0.726984
 0.346561
 0.653439
 0.324337
 0.675663
#selectivity_age
 0.0259228
 0.0901252
 0.269365
 0.57845
 0.836262
 0.950024
 0.986063
 0.996217
 0.00501415
 0.0551125
 0.403016
 0.886538
 0.989063
 0.999046
 0.999917
 0.999993
#survey_selectivity_age
 0.0357967
 0.314128
 0.849625
 0.985856
 0.998838
 0.999906
 0.999992
 0.999999
 0.0483074
 0.237439
 0.65636
 0.921362
 0.986277
 0.997737
 0.99963
 0.99994
#TRUE_tag_prop
 0.00315844 3.31458e-005 0.0269975 0.0108914 0.0410958 0.0270588 0.0444507 0.031246 0.0260201 0.0192659 0.769782
 0.0102154 0.000958391 0.0490608 0.0297885 0.04012 0.0399411 0.0330867 0.0321537 0.0164471 0.0197536 0.728475
 0.0254075 0.0161206 0.0548575 0.0419239 0.0422931 0.029627 0.0323629 0.0236539 0.0191139 0.0111537 0.703486
 0.0489792 0.0416609 0.0552992 0.0440202 0.0321709 0.0377741 0.0286101 0.0225941 0.0169289 0.0105741 0.661388
 0.0672327 0.048917 0.0504547 0.0502758 0.0357593 0.0313956 0.0305298 0.0194171 0.0174836 0.00926182 0.639273
 0.0889314 0.0302745 0.0726442 0.0239612 0.0470354 0.0194107 0.0382066 0.0138369 0.0205841 0.00708326 0.638032
 0.0818648 0.044291 0.0672257 0.0295376 0.0441238 0.0218725 0.0361679 0.0149393 0.0197138 0.00749834 0.632765
 0.104683 0.0141098 0.0786156 0.0174673 0.0502159 0.0165127 0.0404149 0.0125209 0.0215118 0.00658117 0.637367
 0.00572646 4.92913e-005 0.0257459 0.0434036 0.0646197 0.0606591 0.0334489 0.0418447 0.022181 0.0210996 0.681222
 0.0184723 0.00129375 0.0760094 0.0314467 0.085535 0.0431075 0.0313154 0.026615 0.0176426 0.0141733 0.654389
 0.0320611 0.0409177 0.0521625 0.0818932 0.0529315 0.0468786 0.0198177 0.0227125 0.0116126 0.0106419 0.628371
 0.104774 0.0245724 0.0869252 0.0384862 0.0706744 0.0288436 0.0224038 0.016481 0.0121807 0.00866506 0.585993
 0.101334 0.078834 0.0659941 0.0614399 0.0601164 0.0321102 0.0193324 0.0172665 0.0107778 0.00857958 0.544215
 0.164447 0.0242369 0.0959608 0.0246191 0.0801842 0.0161262 0.0239524 0.0114136 0.0124785 0.00701684 0.539564
 0.143341 0.0516682 0.0848658 0.0375779 0.072442 0.0217112 0.02213 0.0134186 0.011781 0.00752331 0.533541
 0.184023 0.0109434 0.100838 0.0182624 0.0835242 0.0133599 0.024714 0.0103934 0.0127541 0.00673917 0.534448
 0.00986518 0.00019522 0.0456806 0.0539177 0.0563085 0.0641371 0.0433922 0.0414424 0.0172065 0.0174999 0.650355
 0.0339819 0.00192131 0.103281 0.0495384 0.0646251 0.0369948 0.0364075 0.0209875 0.0120037 0.00983001 0.630429
 0.0849152 0.0261271 0.0922452 0.0682902 0.0430346 0.0315515 0.0209102 0.0164362 0.00781134 0.00558049 0.603098
 0.171731 0.0440514 0.10526 0.0369456 0.0382693 0.0243159 0.0194861 0.0109613 0.00698559 0.00388101 0.538113
 0.193998 0.0834953 0.0889826 0.0517619 0.0344764 0.0238166 0.0174433 0.0105217 0.00628573 0.00368761 0.485531
 0.26943 0.0328255 0.0977357 0.0357757 0.036325 0.0191528 0.0180373 0.00898288 0.00641297 0.00324244 0.472079
 0.245685 0.0604092 0.0887496 0.0476681 0.0337477 0.022362 0.01702 0.00996254 0.0061193 0.00350673 0.46477
 0.284768 0.0275387 0.0986861 0.0333277 0.0365378 0.0184238 0.0180947 0.00873772 0.00642083 0.0031704 0.464294
 0.0118731 0.000159778 0.0770322 0.0268111 0.0725448 0.0617834 0.0424826 0.0345507 0.0192975 0.0138306 0.639634
 0.0366784 0.00448703 0.111288 0.0664971 0.0579416 0.0462364 0.0262672 0.016836 0.0104855 0.00646311 0.61682
 0.0784427 0.0706915 0.0796359 0.0879809 0.0356486 0.0283976 0.0147046 0.00911998 0.00578944 0.00327774 0.586311
 0.174776 0.0909228 0.107864 0.036706 0.0405279 0.0126724 0.015754 0.00422266 0.00604217 0.00162484 0.508888
 0.25588 0.0652059 0.108779 0.0292515 0.0379935 0.0114699 0.0145523 0.00382646 0.00558031 0.00147574 0.465986
 0.301524 0.0390354 0.11013 0.0260931 0.0378387 0.0105264 0.0144825 0.00353046 0.0055499 0.0013744 0.449914
 0.31037 0.0377875 0.109628 0.0256274 0.0376595 0.0103757 0.0144128 0.00348221 0.00552276 0.00135717 0.443777
 0.319062 0.02997 0.111787 0.0234192 0.0383489 0.00977656 0.0146675 0.00329922 0.00561713 0.00129813 0.442755
 0.00945664 7.91329e-005 0.0494795 0.0345217 0.0626834 0.0454774 0.026822 0.042999 0.020112 0.0149279 0.693441
 0.0310316 0.0017637 0.0982544 0.0364451 0.069135 0.0304535 0.0268973 0.0166846 0.0186016 0.00591586 0.664818
 0.0810904 0.0235605 0.093743 0.0550913 0.0545093 0.0188604 0.0187334 0.0100612 0.0127027 0.00340833 0.628239
 0.160708 0.043731 0.100143 0.0329975 0.0492097 0.0136955 0.0164064 0.0071285 0.0109647 0.00250649 0.56251
 0.173988 0.104166 0.0836704 0.0468977 0.0404576 0.0161753 0.0134057 0.00811084 0.00899571 0.0026892 0.501444
 0.268912 0.0114989 0.11162 0.00998391 0.0525142 0.00617124 0.0171185 0.00371296 0.0113812 0.00157063 0.505516
 0.261975 0.0286323 0.105409 0.0170529 0.0497023 0.00805547 0.0162441 0.00453226 0.0108159 0.00177336 0.495807
 0.280145 0.00970233 0.111526 0.009205 0.0524588 0.00594092 0.0170962 0.00360616 0.0113647 0.00153999 0.497415
 0.00600491 7.06541e-005 0.0261769 0.0211111 0.0308118 0.0135917 0.0330116 0.0437714 0.0151602 0.0366446 0.773645
 0.0199771 0.00155853 0.053497 0.0292244 0.036929 0.0125077 0.0477383 0.0213814 0.0170451 0.0205281 0.739613
 0.0373461 0.0662536 0.0374344 0.069962 0.023696 0.0112787 0.0289035 0.0169321 0.0108762 0.0142853 0.683032
 0.103732 0.0548147 0.0639627 0.0264416 0.0335104 0.00664454 0.037891 0.0116294 0.0133289 0.010885 0.63716
 0.139775 0.0666184 0.0574845 0.0360227 0.0308318 0.0066157 0.03452 0.0113663 0.0121992 0.0104869 0.594079
 0.182422 0.0185079 0.0728492 0.0127964 0.037693 0.00399553 0.0418099 0.00824976 0.0143742 0.00862348 0.598679
 0.181582 0.0301563 0.0701324 0.0158635 0.036389 0.00431698 0.0404075 0.00859854 0.0139376 0.00879658 0.58982
 0.183329 0.0298153 0.0702042 0.0157724 0.0364232 0.00430715 0.0404441 0.00858745 0.0139488 0.0087906 0.588378
 0.00160121 1.11731e-005 0 0 0 0 0 0 0 0 0.998388
 0.00489863 0.000678241 0 0 0 0 0 0 0 0 0.994423
 0.0132212 0.00752801 0 0 0 0 0 0 0 0 0.979251
 0.0272277 0.0176497 0 0 0 0 0 0 0 0 0.955123
 0.0396467 0.0183335 0 0 0 0 0 0 0 0 0.94202
 0.0529987 0.00664223 0 0 0 0 0 0 0 0 0.940359
 0.0501432 0.0133156 0 0 0 0 0 0 0 0 0.936541
 0.0549307 0.007372 0 0 0 0 0 0 0 0 0.937697
 0.000335517 0.000796089 0.0104511 0.0391018 0.025419 0.0470453 0.0323271 0.0353756 0.0196659 0.0203689 0.769114
 0.00153981 0.00837263 0.0239798 0.0674175 0.023558 0.0517961 0.0208802 0.0352398 0.0117582 0.0193905 0.736067
 0.0132163 0.0410065 0.0363052 0.062107 0.0297229 0.0393128 0.0257915 0.0251358 0.0160112 0.0115968 0.699794
 0.0178052 0.105118 0.0267045 0.0746273 0.0216604 0.0443322 0.0209472 0.0253198 0.0134818 0.0115233 0.638481
 0.0170898 0.128678 0.0261373 0.0746373 0.0224626 0.042066 0.0211688 0.024146 0.0134458 0.0110241 0.619145
 0.00751055 0.146531 0.0286126 0.0704729 0.023472 0.0400513 0.021772 0.0231428 0.0136195 0.0106097 0.614206
 0.0337843 0.110708 0.0421619 0.0560985 0.0307178 0.033667 0.0268224 0.0202613 0.0157571 0.00951659 0.620505
 0.0266978 0.120846 0.038339 0.0601498 0.0286731 0.0354659 0.0253969 0.021073 0.0151536 0.00982443 0.61838
 0.000535683 0.00106925 0.0108548 0.0678971 0.0436193 0.0773164 0.0250125 0.0466389 0.0172406 0.0221313 0.687684
 0.00395204 0.0103442 0.0314255 0.10188 0.0432547 0.0668456 0.0173145 0.03528 0.0120294 0.0147812 0.662893
 0.00974336 0.0741715 0.0252134 0.112583 0.0316449 0.0582985 0.0144432 0.0261075 0.00930102 0.0112156 0.627278
 0.0162121 0.156962 0.0192184 0.118069 0.0262158 0.0580215 0.0115601 0.0267021 0.0078805 0.0110599 0.548099
 0.0511411 0.138386 0.0491939 0.0810019 0.0482175 0.0405297 0.0165205 0.0202765 0.00969419 0.00933078 0.535708
 0.0208384 0.178401 0.035153 0.097756 0.037956 0.0477322 0.0140915 0.022847 0.00875556 0.00996895 0.5265
 0.0331383 0.166415 0.0398617 0.0920007 0.0412171 0.0452415 0.0148496 0.0219423 0.00903952 0.00973269 0.526561
 0.0445433 0.154945 0.0443641 0.086556 0.044341 0.0428874 0.0155779 0.0210896 0.0093138 0.00951165 0.52687
 0.00050699 0.00167009 0.0250756 0.0876919 0.0408657 0.0825721 0.0345343 0.0438402 0.0139104 0.017606 0.651727
 0.0045342 0.0167289 0.0413962 0.141778 0.0337055 0.0594651 0.0194348 0.0275648 0.0068832 0.0105257 0.637984
 0.0372219 0.0834735 0.0588888 0.105295 0.0291627 0.0423734 0.0148665 0.0191674 0.00589607 0.00621875 0.597436
 0.028963 0.217901 0.0248507 0.139459 0.0145715 0.0498331 0.00975093 0.0185378 0.00409295 0.00586911 0.486171
 0.0599652 0.216643 0.0574248 0.0976333 0.0254757 0.0363991 0.0139695 0.0144297 0.00530869 0.00475942 0.467991
 0.0334461 0.247913 0.0321025 0.129561 0.0178487 0.044859 0.0108994 0.0169617 0.00440298 0.00542933 0.456576
 0.0941706 0.194961 0.048078 0.106366 0.0223275 0.0384816 0.0126213 0.0149759 0.00488506 0.00488341 0.45825
 0.0459744 0.238071 0.0350509 0.125166 0.0186696 0.0436448 0.0112124 0.0165817 0.00448974 0.00532436 0.455814
 0.000703125 0.00284033 0.0389412 0.0887915 0.0504478 0.0818694 0.0305143 0.0377552 0.0139826 0.0144523 0.639702
 0.00279611 0.0302804 0.0322039 0.162554 0.0246967 0.0568831 0.0114169 0.0192334 0.00478647 0.00677164 0.648377
 0.0345719 0.146745 0.0395634 0.117689 0.018756 0.036812 0.00824359 0.011343 0.00332784 0.00395301 0.578995
 0.032706 0.326202 0.0221182 0.118328 0.00997151 0.0360163 0.00425855 0.0113267 0.00176768 0.00389726 0.433408
 0.0267347 0.37336 0.0238445 0.112461 0.0103652 0.0339276 0.00432807 0.0106739 0.00178548 0.00367647 0.398843
 0.0115758 0.397688 0.0102338 0.127342 0.00591524 0.0379763 0.00268631 0.0119118 0.00117795 0.0040768 0.389416
 0.023701 0.383646 0.0141398 0.123301 0.00716189 0.0368785 0.00314667 0.0115764 0.00134846 0.00396853 0.391132
 0.0340837 0.371423 0.0175196 0.119844 0.00824135 0.0359404 0.00354543 0.0112899 0.00149621 0.0038761 0.392741
 0.000818086 0.00206681 0.0228456 0.0876191 0.0346188 0.0757452 0.0163022 0.0496722 0.0124272 0.0159475 0.681937
 0.00408502 0.0214301 0.0261405 0.156465 0.0203581 0.0586896 0.00822706 0.0292187 0.00636975 0.00826359 0.660753
 0.0213369 0.124817 0.0338827 0.119955 0.0203287 0.0374044 0.00747455 0.0178833 0.00528956 0.0052498 0.606378
 0.0374752 0.246955 0.0266247 0.120987 0.0158612 0.0351392 0.0058729 0.0164236 0.00414623 0.00478757 0.485727
 0.0321081 0.292343 0.0254036 0.119328 0.0138001 0.0356177 0.00514554 0.0166041 0.00366804 0.00481568 0.451167
 0.00639849 0.329637 0.00810625 0.141933 0.00585141 0.0417041 0.00268803 0.0192694 0.0020852 0.00548719 0.436841
 0.0178514 0.316551 0.0123853 0.136413 0.00777943 0.0402163 0.0032839 0.0186177 0.0024689 0.00532283 0.439109
 0.0136685 0.321624 0.010752 0.138509 0.00704334 0.040781 0.00305635 0.018865 0.00232234 0.00538515 0.437993
 0.000499005 0.00218408 0.00723808 0.0714395 0.0138884 0.0242443 0.0193262 0.0454823 0.00953462 0.0375325 0.768631
 0.00150604 0.0238762 0.0190797 0.0940838 0.0156269 0.0171733 0.0225083 0.0246681 0.00970062 0.0194974 0.75228
 0.0302343 0.0857306 0.0309342 0.0770154 0.019707 0.0121829 0.0245508 0.0177628 0.00948422 0.0146331 0.677765
 0.0220942 0.264365 0.0147997 0.0878748 0.00861185 0.0133757 0.0108553 0.0190875 0.00496449 0.0147649 0.539207
 0.0398505 0.267656 0.0244942 0.0713372 0.0147436 0.0102512 0.0171861 0.0152135 0.0067684 0.0122837 0.520216
 0.0182819 0.317089 0.00999897 0.0922622 0.00776963 0.0125617 0.00974253 0.0178946 0.00451113 0.0138159 0.496073
 0.0133471 0.327012 0.00793321 0.0948421 0.00678519 0.012839 0.00868712 0.0182057 0.00418605 0.0139821 0.49218
 0.00933599 0.334247 0.00642101 0.0967623 0.00606546 0.0130462 0.00791593 0.0184392 0.00394897 0.0141082 0.48971
 0.000196796 0.00039038 0 0 0 0 0 0 0 0 0.999413
 0.000408291 0.00451171 0 0 0 0 0 0 0 0 0.99508
 0.00374513 0.0270833 0 0 0 0 0 0 0 0 0.969172
 0.0115764 0.0502841 0 0 0 0 0 0 0 0 0.93814
 0.011341 0.0641668 0 0 0 0 0 0 0 0 0.924492
 0.00365706 0.078024 0 0 0 0 0 0 0 0 0.918319
 0.0142008 0.0635397 0 0 0 0 0 0 0 0 0.92226
 0.00697598 0.0737351 0 0 0 0 0 0 0 0 0.919289
#TRUE_tag_prop_no_age
 0 0 0 0 0 0 0 0 0 0 0
 0 0 0 0 0 0 0 0 0 0 0
 0 0 0 0 0 0 0 0 0 0 0
 0 0 0 0 0 0 0 0 0 0 0
 0 0 0 0 0 0 0 0 0 0 0
 0 0 0 0 0 0 0 0 0 0 0
 0 0 0 0 0 0 0 0 0 0 0
 0 0 0 0 0 0 0 0 0 0 0
 0 0 0 0 0 0 0 0 0 0 0
 0 0 0 0 0 0 0 0 0 0 0
 0 0 0 0 0 0 0 0 0 0 0
 0 0 0 0 0 0 0 0 0 0 0
 0 0 0 0 0 0 0 0 0 0 0
 0 0 0 0 0 0 0 0 0 0 0
#T
 0.962622
 0.0373782
 0.90108
 0.0989197
 0.762878
 0.237122
 0.705288
 0.294712
 0.686151
 0.313849
 0.807481
 0.192519
 0.718566
 0.281434
 0.910349
 0.0896505
 0.978631
 0.0213688
 0.850378
 0.149622
 0.84113
 0.15887
 0.794459
 0.205541
 0.770157
 0.229843
 0.801048
 0.198952
 0.699646
 0.300354
 0.898559
 0.101441
 0.974945
 0.0250546
 0.921989
 0.0780111
 0.840907
 0.159093
 0.815051
 0.184949
 0.712336
 0.287664
 0.902071
 0.0979289
 0.674169
 0.325831
 0.892315
 0.107685
 0.936658
 0.0633419
 0.775431
 0.224569
 0.573874
 0.426126
 0.827536
 0.172464
 0.726086
 0.273914
 0.77543
 0.22457
 0.729368
 0.270632
 0.911335
 0.0886651
 0.958033
 0.0419675
 0.898985
 0.101015
 0.53864
 0.46136
 0.864388
 0.135612
 0.603973
 0.396027
 0.879281
 0.120719
 0.742842
 0.257158
 0.945537
 0.0544629
 0.964903
 0.0350967
 0.882739
 0.117261
 0.53404
 0.46596
 0.873946
 0.126054
 0.733655
 0.266345
 0.844014
 0.155986
 0.756466
 0.243534
 0.908915
 0.0910847
 0.944898
 0.0551023
 0.880168
 0.119832
 0.733877
 0.266123
 0.800221
 0.199779
 0.762358
 0.237642
 0.859723
 0.140277
 0.848137
 0.151863
 0.93845
 0.0615501
 0.947891
 0.052109
 0.90401
 0.0959896
 0.745216
 0.254784
 0.818533
 0.181467
 0.786227
 0.213773
 0.86894
 0.13106
 0.854976
 0.145024
 0.864235
 0.135765
 0.959592
 0.0404076
 0.849494
 0.150506
 0.74898
 0.25102
 0.751296
 0.248704
 0.728547
 0.271453
 0.854071
 0.145929
 0.749445
 0.250555
 0.80649
 0.19351
 0.888446
 0.111554
 0.898926
 0.101074
 0.796247
 0.203753
 0.826001
 0.173999
 0.697714
 0.302286
 0.882091
 0.117909
 0.78316
 0.21684
 0.901155
 0.0988451
 0.970473
 0.0295274
 0.908562
 0.091438
 0.628019
 0.371981
 0.83177
 0.16823
 0.737433
 0.262567
 0.933722
 0.0662779
 0.849963
 0.150037
 0.8565
 0.1435
 0.958172
 0.0418284
 0.931498
 0.0685022
 0.674214
 0.325786
 0.8038
 0.1962
 0.821167
 0.178833
 0.884097
 0.115903
 0.794972
 0.205028
 0.85224
 0.14776
 0.959637
 0.0403632
 0.918955
 0.0810451
 0.860839
 0.139161
 0.830554
 0.169446
 0.745965
 0.254035
 0.883958
 0.116042
 0.842025
 0.157975
 0.899474
 0.100526
 0.944361
 0.0556391
 0.919984
 0.0800165
 0.821712
 0.178288
 0.884839
 0.115161
 0.778434
 0.221566
 0.86348
 0.13652
 0.828829
 0.171171
 0.934839
 0.0651611
 0.946901
 0.0530991
 0.86155
 0.13845
 0.657965
 0.342035
 0.76096
 0.23904
 0.840694
 0.159306
 0.905255
 0.0947445
 0.908336
 0.0916635
 0.927303
 0.0726965
 0.935858
 0.0641418
 0.891305
 0.108695
 0.8557
 0.1443
 0.805603
 0.194397
 0.721974
 0.278026
 0.971187
 0.0288127
 0.929118
 0.0708822
 0.905667
 0.0943331
 0.977051
 0.022949
 0.887878
 0.112122
 0.83586
 0.16414
 0.722209
 0.277791
 0.739394
 0.260606
 0.968582
 0.0314184
 0.968204
 0.0317962
 0.941748
 0.0582521
 0.960269
 0.0397311
 0.963852
 0.0361478
 0.783289
 0.216711
 0.909904
 0.0900961
 0.810637
 0.189363
 0.945331
 0.0546693
 0.964193
 0.035807
 0.986142
 0.0138578
 0.96915
 0.0308498
 0.906951
 0.0930491
 0.830968
 0.169032
 0.795892
 0.204108
 0.665952
 0.334048
 0.930646
 0.0693545
 0.934652
 0.0653485
 0.974242
 0.0257576
 0.964908
 0.0350916
 0.927751
 0.0722487
 0.853638
 0.146362
 0.858364
 0.141636
 0.68899
 0.31101
 0.965918
 0.0340819
 0.91519
 0.0848099
 0.971263
 0.0287371
 0.968436
 0.031564
 0.92354
 0.0764604
 0.769042
 0.230958
 0.891817
 0.108183
 0.812345
 0.187655
 0.923513
 0.0764874
 0.960405
 0.0395953
 0.96899
 0.0310102
 0.977018
 0.0229822
 0.917037
 0.0829632
 0.851854
 0.148146
 0.83367
 0.16633
 0.831062
 0.168938
 0.969141
 0.0308588
 0.925439
 0.0745613
 0.947799
 0.0522006
 0.914232
 0.0857684
 0.960778
 0.0392224
 0.869761
 0.130239
 0.788824
 0.211176
 0.724659
 0.275341
 0.964683
 0.0353166
 0.962346
 0.0376544
 0.971679
 0.0283212
 0.966099
 0.033901
 0.901361
 0.0986391
 0.861021
 0.138979
 0.806333
 0.193667
 0.575629
 0.424371
 0.901306
 0.0986943
 0.930097
 0.0699035
 0.957595
 0.0424053
 0.970259
 0.0297414
 0.939347
 0.0606528
 0.606881
 0.393119
 0.829279
 0.170721
 0.808475
 0.191525
 0.947172
 0.0528277
 0.913978
 0.0860224
 0.914955
 0.0850451
 0.967854
 0.032146
 0.959527
 0.0404728
 0.799629
 0.200371
 0.862643
 0.137357
 0.736856
 0.263144
 0.935069
 0.0649309
 0.841163
 0.158837
 0.947895
 0.0521047
 0.969319
 0.0306812
 0.814598
 0.185402
 0.823032
 0.176968
 0.800779
 0.199221
 0.773177
 0.226823
 0.949435
 0.050565
 0.886752
 0.113248
 0.914407
 0.085593
 0.970953
 0.0290467
 0.927286
 0.0727137
 0.822383
 0.177617
 0.77066
 0.22934
 0.514007
 0.485993
 0.879062
 0.120938
 0.906869
 0.0931313
 0.920287
 0.0797134
 0.964813
 0.0351874
 0.957166
 0.0428335
 0.801494
 0.198506
 0.814589
 0.185411
 0.830956
 0.169044
 0.94951
 0.0504904
 0.791538
 0.208462
 0.896098
 0.103902
 0.974808
 0.0251921
 0.860452
 0.139548
 0.783752
 0.216248
 0.762842
 0.237158
 0.777858
 0.222142
 0.920275
 0.0797247
 0.840308
 0.159692
 0.911595
 0.088405 0.102258
 0.897742
 0.135824
 0.864176
 0.396827
 0.603173
 0.256391
 0.743609
 0.174412
 0.825588
 0.0681944
 0.931806
 0.296541
 0.703459
 0.232171
 0.767829
 0.0768727
 0.923127
 0.206165
 0.793835
 0.269539
 0.730461
 0.326801
 0.673199
 0.217956
 0.782044
 0.127745
 0.872255
 0.213206
 0.786794
 0.290667
 0.709333
 0.106527
 0.893473
 0.0985106
 0.901489
 0.498759
 0.501241
 0.319799
 0.680201
 0.148135
 0.851865
 0.101204
 0.898796
 0.225476
 0.774524
 0.157961
 0.842039
 0.114271
 0.885729
 0.125383
 0.874617
 0.298395
 0.701605
 0.291678
 0.708322
 0.251763
 0.748237
 0.0824443
 0.917556
 0.260162
 0.739838
 0.13965
 0.86035
 0.0896193
 0.910381
 0.192333
 0.807667
 0.163692
 0.836308
 0.13375
 0.86625
 0.304812
 0.695188
 0.111421
 0.888579
 0.171734
 0.828266
 0.22887
 0.77113
 0.101711
 0.898289
 0.159252
 0.840748
 0.194793
 0.805207
 0.222828
 0.777172
 0.132007
 0.867993
 0.0622272
 0.937773
 0.284519
 0.715481
 0.231638
 0.768362
 0.108615
 0.891385
 0.12873
 0.87127
 0.214451
 0.785549
 0.279358
 0.720642
 0.138506
 0.861494
 0.134794
 0.865206
 0.15473
 0.84527
 0.153873
 0.846127
 0.0681059
 0.931894
 0.0881549
 0.911845
 0.314216
 0.685784
 0.186862
 0.813138
 0.156087
 0.843913
 0.0793036
 0.920696
 0.203753
 0.796247
 0.162085
 0.837915
 0.0635075
 0.936492
 0.097489
 0.902511
 0.229659
 0.770341
 0.309835
 0.690165
 0.184915
 0.815085
 0.100379
 0.899621
 0.256848
 0.743152
 0.202297
 0.797703
 0.0456589
 0.954341
 0.119943
 0.880057
 0.349028
 0.650972
 0.139308
 0.860692
 0.215665
 0.784335
 0.1095
 0.8905
 0.300184
 0.699816
 0.145487
 0.854513
 0.0511855
 0.948815
 0.0499537
 0.950046
 0.315797
 0.684203
 0.254258
 0.745742
 0.247676
 0.752324
 0.0615077
 0.938492
 0.305063
 0.694937
 0.159488
 0.840512
 0.0989118
 0.901088
 0.0838223
 0.916178
 0.34977
 0.65023
 0.26963
 0.73037
 0.197636
 0.802364
 0.0890996
 0.9109
 0.135889
 0.864111
 0.160159
 0.839841
 0.0968213
 0.903179
 0.0685481
 0.931452
 0.112349
 0.887651
 0.196303
 0.803697
 0.224522
 0.775478
 0.0312885
 0.968711
 0.092313
 0.907687
 0.158891
 0.841109
 0.0767873
 0.923213
 0.134662
 0.865338
 0.133217
 0.866783
 0.273222
 0.726778
 0.162207
 0.837793
 0.0728531
 0.927147
 0.104834
 0.895166
 0.164077
 0.835923
 0.0560755
 0.943925
 0.0656787
 0.934321
 0.289984
 0.710016
 0.142399
 0.857601
 0.0878369
 0.912163
 0.0347537
 0.965246
 0.0693639
 0.930636
 0.0990592
 0.900941
 0.0896956
 0.910304
 0.102443
 0.897557
 0.405287
 0.594713
 0.199052
 0.800948
 0.0705428
 0.929457
 0.0209635
 0.979036
 0.120765
 0.879235
 0.0537929
 0.946207
 0.0494256
 0.950574
 0.0608158
 0.939184
 0.284303
 0.715697
 0.313829
 0.686171
 0.198902
 0.801098
 0.0544922
 0.945508
 0.0571769
 0.942823
 0.072841
 0.927159
 0.0786252
 0.921375
 0.0629132
 0.937087
 0.462192
 0.537808
 0.221706
 0.778294
 0.0862288
 0.913771
 0.0219343
 0.978066
 0.0846045
 0.915396
 0.0421813
 0.957819
 0.0738232
 0.926177
 0.0798665
 0.920133
 0.216057
 0.783943
 0.358297
 0.641703
 0.0748647
 0.925135
 0.0325233
 0.967477
 0.0656922
 0.934308
 0.0448384
 0.955162
 0.0834734
 0.916527
 0.12213
 0.87787
 0.224613
 0.775387
 0.200161
 0.799839
 0.127148
 0.872852
 0.022983
 0.977017
 0.0623627
 0.937637
 0.0473887
 0.952611
 0.0645569
 0.935443
 0.0931946
 0.906805
 0.318974
 0.681026
 0.149683
 0.850317
 0.123226
 0.876774
 0.0405802
 0.95942
 0.113593
 0.886407
 0.051532
 0.948468
 0.0618741
 0.938126
 0.0742799
 0.92572
 0.165395
 0.834605
 0.142125
 0.857875
 0.0474366
 0.952563
 0.0233951
 0.976605
 0.0911418
 0.908858
 0.052784
 0.947216
 0.0785217
 0.921478
 0.101765
 0.898235
 0.20464
 0.79536
 0.235295
 0.764705
 0.104677
 0.895323
 0.0226714
 0.977329
 0.0580129
 0.941987
 0.0681922
 0.931808
 0.0501727
 0.949827
 0.0840742
 0.915926
 0.133376
 0.866624
 0.303376
 0.696624
 0.138159
 0.861841
 0.0313955
 0.968605
 0.100854
 0.899146
 0.0566485
 0.943352
 0.080628
 0.919372
 0.0708155
 0.929184
 0.491313
 0.508687
 0.176632
 0.823368
 0.2305
 0.7695
 0.0949232
 0.905077
 0.0671813
 0.932819
 0.0465938
 0.953406
 0.102885
 0.897115
 0.0633771
 0.936623
 0.173628
 0.826372
 0.312408
 0.687592
 0.0624968
 0.937503
 0.0270494
 0.972951
 0.199909
 0.800091
 0.0524301
 0.94757
 0.0763986
 0.923601
 0.130271
 0.869729
 0.291064
 0.708936
 0.202236
 0.797764
 0.128379
 0.871621
 0.0292081
 0.970792
 0.0458905
 0.95411
 0.124397
 0.875603
 0.0384956
 0.961504
 0.0760016
 0.923998
 0.281129
 0.718871
 0.273016
 0.726984
 0.130783
 0.869217
 0.104727
 0.895273
 0.0968074
 0.903193
 0.0502991
 0.949701
 0.0519405
 0.94806
 0.105416
 0.894584
 0.37588
 0.62412
 0.346561
 0.653439
 0.133453
 0.866547
 0.0632397
 0.93676
 0.21281
 0.78719
 0.134632
 0.865368
 0.119808
 0.880192
 0.071717
 0.928283
 0.222011
 0.777989
 0.324337
 0.675663
 0.222507
 0.777493
 0.0635016
 0.936498
 0.237979
 0.762021
 0.115769
 0.884231
#report_rate_TRUE
 0.7
 0.7
 0.7
 0.7
 0.7
 0.7
 0.7
 0.8
 0.8
 0.8
 0.8
 0.8
 0.8
 0.8
#move_switch_OM
8
#DD_move_age_switch_OM
1
#abund_frac_age_region
 0.618476 0.585975 0.600909 0.521314 0.53564 0.596256 0.560307 0.608937
 0.594814 0.611559 0.610796 0.618573 0.527201 0.510036 0.515954 0.658878
 0.7023 0.597215 0.711489 0.63348 0.517335 0.54721 0.464884 0.608709
 0.550348 0.5879 0.465697 0.683562 0.569555 0.461959 0.527772 0.585266
 0.703381 0.588479 0.387107 0.488218 0.516718 0.558146 0.436807 0.630652
 0.703693 0.674453 0.397327 0.488151 0.44565 0.480271 0.551885 0.613284
 0.518184 0.664068 0.569234 0.501691 0.476297 0.486541 0.508495 0.639438
 0.67085 0.518029 0.601987 0.556736 0.487432 0.450055 0.50449 0.558856
 0.584509 0.608564 0.50335 0.5902 0.521208 0.502602 0.495028 0.547813
 0.796366 0.5822 0.623878 0.503959 0.522175 0.529645 0.546066 0.541022
 0.437483 0.738519 0.498774 0.623361 0.50596 0.510167 0.579558 0.515666
 0.56428 0.462397 0.591288 0.556925 0.627475 0.530923 0.494252 0.558279
 0.507727 0.556341 0.464806 0.596347 0.55427 0.610757 0.521775 0.581519
 0.597466 0.540286 0.520828 0.582257 0.573557 0.5494 0.568152 0.605289
 0.38049 0.548403 0.492074 0.493015 0.589023 0.591137 0.57392 0.62086
 0.445509 0.409002 0.655352 0.525531 0.449509 0.635881 0.630757 0.590189
 0.454543 0.436236 0.513486 0.598171 0.530811 0.52203 0.671033 0.633096
 0.536262 0.480252 0.604561 0.606713 0.579039 0.569172 0.582054 0.680726
 0.421795 0.530631 0.51567 0.640334 0.477447 0.59957 0.590805 0.653637
 0.247587 0.468986 0.563069 0.56824 0.528002 0.528503 0.606504 0.639519
 0.523424 0.304652 0.533522 0.593697 0.558862 0.545487 0.585367 0.638407
 0.345964 0.523775 0.380719 0.545175 0.582539 0.625733 0.601524 0.650755
 0.65786 0.406489 0.558156 0.462592 0.476483 0.602693 0.640922 0.639085
 0.68489 0.629768 0.438473 0.60958 0.384525 0.527516 0.665859 0.697868
 0.455403 0.673217 0.564974 0.478363 0.604168 0.440211 0.522343 0.642246
 0.611083 0.481186 0.602276 0.652278 0.456294 0.657383 0.539794 0.63752
 0.349434 0.555847 0.554054 0.586656 0.592983 0.518015 0.648398 0.627185
 0.362918 0.382206 0.586889 0.553684 0.358554 0.561494 0.508955 0.595247
 0.668989 0.422403 0.541081 0.62614 0.526815 0.371851 0.524351 0.54167
 0.657578 0.607099 0.465887 0.577816 0.604497 0.56636 0.492901 0.57761
 0.381524 0.414025 0.399091 0.478686 0.46436 0.403744 0.439693 0.391063
 0.405186 0.388441 0.389204 0.381427 0.472799 0.489964 0.484046 0.341122
 0.2977 0.402785 0.288511 0.36652 0.482665 0.45279 0.535116 0.391291
 0.449652 0.4121 0.534303 0.316438 0.430445 0.538041 0.472228 0.414734
 0.296619 0.411521 0.612893 0.511782 0.483282 0.441854 0.563193 0.369348
 0.296307 0.325547 0.602673 0.511849 0.55435 0.519729 0.448115 0.386716
 0.481816 0.335932 0.430766 0.498309 0.523703 0.513459 0.491505 0.360562
 0.32915 0.481971 0.398013 0.443264 0.512568 0.549945 0.49551 0.441144
 0.415491 0.391436 0.49665 0.4098 0.478792 0.497398 0.504972 0.452187
 0.203634 0.4178 0.376122 0.496041 0.477825 0.470355 0.453934 0.458978
 0.562517 0.261481 0.501226 0.376639 0.49404 0.489833 0.420442 0.484334
 0.43572 0.537603 0.408712 0.443075 0.372525 0.469077 0.505748 0.441721
 0.492273 0.443659 0.535194 0.403653 0.44573 0.389243 0.478225 0.418481
 0.402534 0.459714 0.479172 0.417743 0.426443 0.4506 0.431848 0.394711
 0.61951 0.451597 0.507926 0.506985 0.410977 0.408863 0.42608 0.37914
 0.554491 0.590998 0.344648 0.474469 0.550491 0.364119 0.369243 0.409811
 0.545457 0.563764 0.486514 0.401829 0.469189 0.47797 0.328967 0.366904
 0.463738 0.519748 0.395439 0.393287 0.420961 0.430828 0.417946 0.319274
 0.578205 0.469369 0.48433 0.359666 0.522553 0.40043 0.409195 0.346363
 0.752413 0.531014 0.436931 0.43176 0.471998 0.471497 0.393496 0.360481
 0.476576 0.695348 0.466478 0.406303 0.441138 0.454513 0.414633 0.361593
 0.654036 0.476225 0.619281 0.454825 0.417461 0.374267 0.398476 0.349245
 0.34214 0.593511 0.441844 0.537408 0.523517 0.397307 0.359078 0.360915
 0.31511 0.370232 0.561527 0.39042 0.615475 0.472484 0.334141 0.302132
 0.544597 0.326783 0.435026 0.521637 0.395832 0.559789 0.477657 0.357754
 0.388917 0.518814 0.397724 0.347722 0.543706 0.342617 0.460206 0.36248
 0.650566 0.444153 0.445946 0.413344 0.407017 0.481985 0.351602 0.372815
 0.637082 0.617794 0.413111 0.446316 0.641446 0.438506 0.491045 0.404753
 0.331011 0.577597 0.458919 0.37386 0.473185 0.628149 0.475649 0.45833
 0.342422 0.392901 0.534113 0.422184 0.395503 0.43364 0.507099 0.42239
#abund_frac_year
 0.581456 0.59054 0.63239 0.561534 0.573641 0.563418 0.54963 0.572565 0.560461 0.630467 0.588062 0.563226 0.539795 0.564204 0.490388 0.502405 0.493358 0.56278 0.514459 0.393068 0.451392 0.447765 0.562613 0.59074 0.542206 0.587724 0.503654 0.473823 0.566041 0.615534
 0.418544 0.40946 0.36761 0.438466 0.426359 0.436582 0.45037 0.427435 0.439539 0.369533 0.411938 0.436774 0.460205 0.435796 0.509612 0.497595 0.506642 0.43722 0.485541 0.606932 0.548608 0.552235 0.437387 0.40926 0.457794 0.412276 0.496346 0.526177 0.433959 0.384466
#abund_frac_region
 0.545645
 0.454355
#F_tag_scalar
 0.75 0.72 0.79 0.74 0.78 0.77 0.73
#T_tag_res
 0.97 0.99 0.93 0.96 0.98 0.95 0.94
#sim_tag_mixing_switch
0
#debug
1541
